1|	|419|	|\\utilprdsar001\SAR001PR041|	|1|	|0|	|3
~~2|	|230|	|\\print201\SAHP4345M03|	|1|	|1|	|3
~~3|	|270|	||	|1|	|1|	|3
~~4|	|332|	||	|1|	|0|	|3
~~5|	|304|	|\\utilprdsar001\SAR001PR041|	|1|	|0|	|3
~~6|	|362|	|\\PRINT201\SAHP9000002|	|1|	|1|	|3
~~7|	|2364|	||	|2|	|0|	|3
~~8|	|2523|	|\\prtprdden001\DEN001PR069|	|2|	|1|	|3
~~9|	|2466|	||	|2|	|1|	|3
~~10|	|2322|	||	|2|	|1|	|3
~~11|	|2469|	|\\prtprdden001\DEN001PR069|	|2|	|1|	|3
~~12|	|2367|	|\\PRTPRDDEN001\DEN001PR013|	|2|	|0|	|3
~~13|	|508|	||	|2|	|1|	|3
~~14|	|2517|	||	|2|	|1|	|3
~~15|	|2472|	||	|2|	|0|	|3
~~16|	|2498|	|\\printd01\DEHPM5035M07|	|2|	|0|	|3
~~17|	|2366|	|\\prtprdden001\DEN001PR013|	|2|	|1|	|3
~~18|	|2467|	||	|2|	|1|	|3
~~19|	|2302|	|\\PRINTD01\DEHP3035M07|	|2|	|0|	|3
~~20|	|2460|	|\\prtprdden001\DEN001PR069|	|2|	|1|	|3
~~21|	|2506|	||	|1|	|0|	|3
~~22|	|2339|	||	|2|	|1|	|3
~~23|	|2484|	||	|2|	|0|	|3
~~24|	|2462|	||	|2|	|1|	|3
~~25|	|395|	||	|1|	|1|	|3
~~26|	|2516|	||	|2|	|1|	|3
~~27|	|2518|	||	|2|	|1|	|3
~~28|	|2313|	|\\PRTPRDDEN001\DEN001PR059|	|2|	|0|	|3
~~29|	|2325|	|\\PRINTD01.network.lan\DE-HP9000M54|	|2|	|1|	|3
~~30|	|2531|	||	|2|	|1|	|3
~~31|	|2535|	||	|2|	|0|	|3
~~32|	|2474|	|\\PRTPRDDEN001\DEN001PR107|	|2|	|1|	|3
~~33|	|2473|	|\\prtprdden001\DEN001PR107|	|2|	|1|	|3
~~34|	|2493|	|\\prtprdden001\DEN001PR107|	|2|	|0|	|3
~~35|	|2468|	|\\prtprdden001\DEN001PR069|	|2|	|1|	|3
~~36|	|2324|	|\\prtprdden001\DEN001PR017|	|2|	|0|	|3
~~37|	|510|	|\\utilprdsar001\SAR001PR041|	|1|	|0|	|3
~~38|	|407|	||	|1|	|0|	|3
~~39|	|517|	|\\utilprdsar001\SAR001PR041|	|1|	|1|	|3
~~40|	|2308|	||	|2|	|1|	|3
~~41|	|2522|	||	|2|	|1|	|3
~~42|	|2532|	||	|2|	|1|	|3
~~43|	|2272|	|\\deps1.network.lan\DE-HP9000M13|	|1|	|1|	|3
~~44|	|378|	||	|1|	|1|	|3
~~45|	|2486|	||	|2|	|1|	|3
~~46|	|2502|	||	|2|	|0|	|3
~~47|	|2534|	||	|2|	|1|	|3
~~48|	|2546|	||	|2|	|0|	|3
~~49|	|2537|	||	|2|	|1|	|3
~~50|	|2459|	|\\prtprdden001\DEN001PR069|	|2|	|0|	|3
~~51|	|2543|	||	|2|	|1|	|3
~~52|	|2478|	||	|2|	|1|	|3
~~53|	|2305|	||	|2|	|0|	|3
~~54|	|2526|	||	|2|	|1|	|3
~~55|	|2306|	|\\PRINTD01\DEHP3035M07|	|2|	|1|	|3
~~56|	|2489|	||	|2|	|0|	|3
~~57|	|2519|	||	|2|	|0|	|3
~~58|	|2553|	|\\prtprdden001\DEN001PR070|	|2|	|1|	|3
~~59|	|2530|	|\\prtprdden001\DEN001PR019|	|2|	|1|	|3
~~60|	|2528|	||	|2|	|1|	|3
~~61|	|243|	||	|1|	|1|	|3
~~62|	|2271|	|\\Printd01\DEHPM5035M07|	|1|	|1|	|3
~~63|	|2507|	|\\prtprdden001\DEN001PR107|	|2|	|1|	|3
~~64|	|389|	|\\PRINT201\SAHP5035M12|	|2|	|0|	|3
~~65|	|496|	||	|2|	|1|	|3
~~66|	|2527|	|\\PRINTD01\DEHP3035M12|	|2|	|1|	|3
~~67|	|2536|	||	|2|	|1|	|3
~~68|	|2345|	||	|2|	|1|	|3
~~69|	|307|	|\\utilprdsar001\SAR001PR041|	|1|	|1|	|3
~~70|	|2492|	||	|2|	|0|	|3
~~71|	|2500|	||	|2|	|0|	|3
~~72|	|2551|	||	|2|	|1|	|3
~~73|	|337|	||	|1|	|0|	|3
~~74|	|501|	|\\utilprdsar001\SAR001PR041|	|1|	|1|	|3
~~75|	|260|	||	|1|	|1|	|3
~~76|	|2232|	|\\http://utilprdsar001\SAR001PR066|	|1|	|1|	|3
~~77|	|452|	|\\UTILPRDSAR001\SAR001PR041|	|1|	|1|	|3
~~78|	|2552|	||	|2|	|0|	|3
~~79|	|346|	||	|1|	|1|	|3
~~80|	|387|	||	|1|	|1|	|3
~~81|	|2554|	||	|2|	|1|	|3
~~82|	|2476|	|\\Printd01\DEHPM5035M10|	|1|	|1|	|3
~~83|	|2463|	||	|2|	|1|	|3
~~84|	|2228|	|\\print201\SAHP9000003|	|1|	|1|	|3
~~85|	|331|	|\\utilprdsar001\SAR001PR010|	|1|	|1|	|3
~~86|	|2234|	||	|1|	|1|	|3
~~87|	|464|	|\\utilprdsar001\SAR001PR039|	|1|	|1|	|3
~~88|	|3078|	||	|1|	|0|	|3
~~89|	|448|	||	|1|	|1|	|3
~~90|	|2307|	|\\prtprdden001\DEN001PR017|	|2|	|1|	|3
~~91|	|2247|	||	|2|	|0|	|3
~~92|	|2297|	|\\prtprdden001\DEN001PR017|	|2|	|1|	|3
~~93|	|2329|	||	|2|	|0|	|3
~~94|	|2365|	|\\PRINTD01.network.lan\DEHP3035M03|	|2|	|1|	|3
~~95|	|507|	|\\PRINT201\SAHP5035M12|	|1|	|1|	|3
~~96|	|323|	|\\utilprdsar001\SAR001PR012|	|1|	|1|	|3
~~97|	|2219|	|\\utilprdsar001\SAR001PR041|	|1|	|0|	|3
~~98|	|497|	||	|1|	|1|	|3
~~99|	|2075|	||	|1|	|1|	|3
~~100|	|446|	|\\utilprdsar001\SAR001PR066|	|1|	|1|	|3
~~101|	|2310|	|\\PRINTD01\DEHPM5035M07|	|2|	|1|	|3
~~102|	|2334|	|\\PRINTD01\DESHM450N01|	|2|	|0|	|3
~~103|	|2338|	|\\PRINTD01\DE-HP9000M54|	|2|	|1|	|3
~~104|	|3051|	||	|1|	|1|	|3
~~105|	|2320|	||	|2|	|0|	|3
~~106|	|2533|	||	|2|	|1|	|3
~~107|	|2973|	|\\print201.network.lan\SAHP5035M09|	|1|	|1|	|3
~~108|	|3085|	|\\prtprdden001\DEN001PR019|	|2|	|1|	|3
~~109|	|2317|	||	|2|	|0|	|3
~~110|	|3020|	|\\PRINT201\SAHP5035M11|	|1|	|1|	|3
~~111|	|2319|	|\\prtprdden001\DEN001PR039|	|2|	|0|	|3
~~112|	|3097|	||	|2|	|1|	|3
~~113|	|2477|	||	|2|	|0|	|3
~~114|	|2333|	|\\http://prtprdden001\DEN001PR017|	|2|	|0|	|3
~~115|	|242|	|\\utilprdsar001\SAR001PR041|	|1|	|1|	|3
~~116|	|2482|	|\\prtprdden001\DEN001PR042|	|2|	|1|	|3
~~117|	|3767|	||	|1|	|1|	|3
~~118|	|2488|	||	|1|	|1|	|3
~~119|	|2300|	|\\prtprdden001\DEN001PR017|	|2|	|0|	|3
~~120|	|2501|	|\\prtprdden001\DEN001PR070|	|2|	|1|	|3
~~121|	|2336|	||	|1|	|1|	|3
~~122|	|4005|	||	|1|	|1|	|3
~~123|	|3288|	|\\PRTPRDDEN001\DEN001PR042|	|2|	|0|	|3
~~124|	|3086|	||	|2|	|1|	|3
~~125|	|3167|	|\\PRINT201\SAHP5035M10|	|1|	|1|	|3
~~126|	|2525|	|\\PRTPRDDEN001\DEN001PR069|	|2|	|0|	|3
~~127|	|2480|	||	|2|	|1|	|3
~~128|	|3285|	||	|2|	|1|	|3
~~129|	|3126|	||	|2|	|1|	|3
~~130|	|2549|	||	|2|	|1|	|3
~~131|	|2330|	|\\PRINTD01\DE-HP9000M54|	|1|	|1|	|3
~~132|	|2545|	||	|2|	|1|	|3
~~133|	|2465|	|\\prtprdden001\DEN001PR069|	|2|	|1|	|3
~~134|	|2298|	||	|2|	|1|	|3
~~135|	|261|	||	|1|	|1|	|3
~~136|	|2316|	|\\prtprdden001\DEN001PR059|	|2|	|0|	|3
~~137|	|2303|	||	|2|	|0|	|3
~~138|	|3083|	||	|2|	|1|	|3
~~139|	|2481|	||	|2|	|1|	|3
~~140|	|2275|	||	|1|	|1|	|3
~~141|	|2340|	||	|1|	|1|	|3
~~142|	|4168|	|\\utilprdsar001\SAR001PR041|	|1|	|1|	|3
~~143|	|2497|	|\\prtprdden001\DEN001PR054|	|1|	|1|	|3
~~144|	|4030|	||	|1|	|1|	|3
~~145|	|2243|	||	|1|	|1|	|3
~~146|	|2520|	|\\PRINTD01\DEHPM5035M08|	|1|	|1|	|3
~~147|	|2266|	||	|1|	|1|	|3
~~148|	|2563|	||	|1|	|1|	|3
~~149|	|3055|	||	|1|	|1|	|3
~~150|	|2982|	||	|1|	|1|	|3
~~151|	|4196|	||	|1|	|1|	|3
~~152|	|4366|	||	|1|	|1|	|3
~~153|	|4358|	||	|1|	|1|	|3
~~154|	|4243|	||	|1|	|1|	|3
~~155|	|4185|	||	|1|	|1|	|3
~~156|	|329|	||	|1|	|1|	|3
~~157|	|3061|	||	|1|	|1|	|3
~~158|	|4401|	||	|1|	|1|	|3
~~159|	|4230|	||	|1|	|1|	|3
~~160|	|4184|	||	|1|	|1|	|3
~~161|	|4355|	||	|1|	|1|	|3
~~162|	|4197|	||	|1|	|1|	|3
~~163|	|4189|	||	|1|	|1|	|3
~~164|	|4190|	||	|1|	|1|	|3
~~165|	|523|	||	|2|	|1|	|3
~~166|	|4193|	||	|1|	|1|	|3
~~167|	|4235|	||	|1|	|1|	|3
~~168|	|4194|	||	|1|	|1|	|3
~~169|	|4364|	||	|1|	|1|	|3
~~170|	|4246|	||	|1|	|1|	|3
~~171|	|350|	|\\utilprdsar001\SAR001PR022|	|1|	|1|	|3
~~172|	|401|	|\\utilprdsar001\SAR001PR022|	|1|	|1|	|3
~~173|	|2515|	|\\prtprdden001\DEN001PR070|	|1|	|1|	|3
~~174|	|454|	|\\PRINT201\SAHP5035M11|	|1|	|1|	|3
~~175|	|494|	|\\utilprdsar001\SAR001PR077|	|1|	|1|	|3
~~176|	|509|	|\\utilprdsar001\SAR001PR041|	|1|	|1|	|3
~~177|	|4369|	||	|1|	|1|	|3
~~178|	|3194|	|\\PRINT201\SAHP3035M06|	|1|	|0|	|3
~~179|	|4348|	||	|1|	|1|	|3
~~180|	|364|	|\\print201\SAHP3035M04|	|1|	|1|	|3
~~181|	|460|	||	|1|	|1|	|3
~~182|	|2309|	||	|2|	|0|	|3
~~183|	|2483|	||	|2|	|1|	|3
~~184|	|437|	|\\utilprdsar001\SAR001PR041|	|1|	|1|	|3
~~185|	|498|	|\\PRINT201\SAHP5035M11|	|1|	|1|	|3
~~186|	|2504|	|\\PRTPRDDEN001\DEN001PR107|	|2|	|0|	|3
~~187|	|3095|	|\\http://prtprdden001\DEN001PR129|	|2|	|0|	|3
~~188|	|2464|	||	|2|	|0|	|3
~~189|	|4354|	||	|1|	|1|	|3
~~190|	|3100|	||	|2|	|0|	|3
~~191|	|2524|	||	|2|	|1|	|3
~~192|	|3099|	||	|2|	|1|	|3
~~193|	|2540|	||	|2|	|1|	|3
~~194|	|3290|	|\\prtprdden001\DEN001PR129|	|2|	|1|	|3
~~195|	|3091|	||	|2|	|1|	|3
~~196|	|2311|	|\\PRINTD01\DEHP3035M07|	|2|	|1|	|3
~~197|	|375|	|\\utilprdsar001\SAR001PR041|	|1|	|1|	|3
~~198|	|4328|	|\\utilprdsar001\SAR001PR041|	|1|	|1|	|3
~~199|	|4188|	||	|1|	|1|	|3
~~200|	|4233|	||	|1|	|1|	|3
~~201|	|503|	||	|1|	|1|	|3
~~202|	|279|	|\\utilprdsar001\SAR001PR041|	|1|	|1|	|3
~~203|	|4808|	||	|2|	|1|	|3
~~204|	|504|	||	|1|	|1|	|3
~~205|	|3283|	||	|2|	|1|	|3
~~206|	|4352|	||	|1|	|1|	|3
~~207|	|4205|	||	|1|	|1|	|3
~~208|	|4688|	|\\PRINT006\FBHP9050M16|	|1|	|1|	|3
~~209|	|3287|	||	|2|	|0|	|3
~~210|	|3284|	||	|2|	|1|	|3
~~211|	|4350|	|\\PRINT006\FBHP3035M10|	|1|	|1|	|3
~~212|	|4693|	|\\print006\FBHP3035M06|	|1|	|1|	|3
~~213|	|4349|	||	|1|	|1|	|3
~~214|	|4745|	||	|1|	|1|	|3
~~215|	|2269|	|\\printd01\DEHPM5035M19|	|1|	|1|	|3
~~216|	|4852|	|\\PRINT006\FBHP3035M07|	|1|	|1|	|3
~~217|	|4952|	|\\br-mck-p1-n1\PRINT34|	|1|	|1|	|3
~~218|	|4987|	|\\br-mck-p1-n1\PRINT2|	|1|	|1|	|3
~~219|	|4991|	|\\br-mck-p1-n1\PRINT2|	|1|	|1|	|3
~~220|	|2538|	||	|2|	|1|	|3
~~221|	|2575|	||	|1|	|1|	|3
~~222|	|2229|	|\\PRINT201\SAHP3035M06|	|1|	|1|	|3
~~223|	|2471|	|\\prtprdden001\DEN001PR069|	|2|	|1|	|3
~~224|	|3087|	||	|2|	|1|	|3
~~225|	|4962|	|\\br-mck-p1-n1\PRINT29|	|1|	|1|	|3
~~226|	|5054|	||	|1|	|1|	|3
~~227|	|2508|	||	|1|	|1|	|3
~~228|	|3096|	||	|2|	|1|	|3
~~229|	|2470|	||	|1|	|1|	|3
~~230|	|2547|	|\\prtprdden001\DEN001PR070|	|2|	|1|	|3
~~231|	|4564|	||	|1|	|1|	|3
~~232|	|3768|	|\\utilprdsar001\SAR001PR010|	|1|	|1|	|3
~~233|	|3275|	|\\PRINTD01\DEHPM5035M07|	|1|	|1|	|3
~~234|	|2495|	||	|1|	|1|	|3
~~235|	|4063|	|\\utilprdsar001\SAR001PR041|	|1|	|1|	|3
~~236|	|5295|	|\\print006\FMHP3035M64|	|1|	|1|	|3
~~237|	|2503|	|\\PRTPRDDEN001\DEN001PR013|	|2|	|0|	|3
~~238|	|5574|	||	|2|	|1|	|3
~~239|	|5578|	|\\PRINT006\FMHP5035M52|	|1|	|1|	|3
~~240|	|3098|	||	|2|	|1|	|3
~~241|	|5589|	||	|1|	|1|	|3
~~242|	|447|	|\\utilprdsar001\SAR001PR010|	|1|	|1|	|3
~~243|	|284|	|\\utilprdsar001\SAR001PR010|	|1|	|1|	|3
~~244|	|372|	||	|1|	|1|	|3
~~245|	|5324|	||	|1|	|1|	|3
~~246|	|3274|	||	|2|	|1|	|3
~~247|	|5582|	||	|1|	|1|	|3
~~248|	|5689|	|\\prtprdfmm001\FMM001PR251|	|1|	|1|	|3
~~249|	|231|	||	|1|	|1|	|3
~~250|	|5745|	||	|1|	|1|	|3
~~251|	|5733|	||	|1|	|1|	|3
~~252|	|5930|	|\\PRINT006\FMHP9050M51|	|1|	|1|	|3
~~253|	|2376|	||	|1|	|1|	|3
~~254|	|2541|	|\\prtprdden001\DEN001PR107|	|2|	|0|	|3
~~255|	|483|	||	|1|	|1|	|3
~~256|	|5801|	||	|1|	|1|	|3
~~257|	|5576|	|\\prtprdcgy001\CGY001PR032|	|1|	|1|	|3
~~258|	|6074|	|\\PRTPRDFMM001\FMM001PR351|	|2|	|1|	|3
~~259|	|5103|	|\\utilprdsar001\SAR001PR041|	|1|	|1|	|3
~~260|	|2304|	||	|2|	|1|	|3
~~261|	|5917|	||	|1|	|1|	|3
~~262|	|5988|	||	|1|	|0|	|3
~~263|	|3101|	||	|2|	|1|	|3
~~264|	|3189|	|\\UTILPRDSAR001\SAR001PR041|	|1|	|0|	|3
~~265|	|397|	|\\utilprdsar001\SAR001PR041|	|1|	|1|	|3
~~266|	|2222|	|\\utilprdsar001\SAR001PR041|	|1|	|0|	|3
~~267|	|6175|	|PDFWriter|	|1|	|1|	|3
~~268|	|2487|	|\\prtprdden001\DEN001PR107|	|2|	|0|	|3
~~269|	|5502|	||	|2|	|1|	|3
~~270|	|5170|	||	|1|	|1|	|3
~~271|	|4289|	||	|1|	|1|	|3
~~272|	|5257|	||	|1|	|1|	|3
~~273|	|3293|	||	|2|	|1|	|3
~~274|	|3052|	|\\utilprdsar001\SAR001PR066|	|1|	|1|	|3
~~275|	|361|	||	|1|	|1|	|3
~~276|	|312|	||	|1|	|1|	|3
~~277|	|255|	|\\utilprdsar001\SAR001PR022|	|1|	|1|	|3
~~278|	|4326|	|\\UTILPRDSAR001\SAR001PR092|	|1|	|1|	|3
~~279|	|4609|	||	|1|	|1|	|3
~~280|	|5698|	|\\prtprdfmm001\FMM001PR251|	|1|	|1|	|3
~~281|	|2509|	||	|2|	|1|	|3
~~282|	|264|	||	|1|	|1|	|3
~~283|	|295|	||	|1|	|1|	|3
~~284|	|305|	||	|1|	|1|	|3
~~285|	|416|	||	|1|	|1|	|3
~~286|	|408|	||	|1|	|1|	|3
~~287|	|6276|	||	|1|	|1|	|3
~~288|	|4936|	||	|1|	|1|	|3
~~289|	|5809|	|\\prtprdfmm001\FMM001PR639|	|1|	|1|	|3
~~290|	|465|	||	|1|	|1|	|3
~~291|	|6283|	||	|1|	|1|	|3
~~292|	|6238|	||	|1|	|1|	|3
~~293|	|5244|	||	|1|	|1|	|3
~~294|	|5941|	||	|1|	|1|	|3
~~295|	|282|	||	|1|	|1|	|3
~~296|	|6433|	||	|2|	|0|	|3
~~297|	|6543|	|HP LaserJet M1522 MFP Series PCL 6 (Copy 1)|	|2|	|1|	|3
~~298|	|6567|	|\\UTILPRDEDM001\EDM001PR107|	|2|	|0|	|3
~~299|	|3291|	||	|2|	|1|	|3
~~300|	|6408|	|\\edmps03\ER32|	|2|	|0|	|3
~~301|	|6703|	||	|3|	|0|	|3
~~302|	|424|	||	|2|	|1|	|3
~~303|	|4356|	|\\prtprdfmm001\FMM001PR125|	|1|	|1|	|3
~~304|	|2513|	||	|2|	|1|	|3
~~305|	|388|	||	|1|	|1|	|3
~~306|	|3130|	||	|1|	|1|	|3
~~307|	|470|	|\\utilprdsar001\SAR001PR022|	|1|	|0|	|3
~~308|	|412|	||	|1|	|1|	|3
~~309|	|5104|	||	|1|	|1|	|3
~~310|	|6278|	||	|1|	|1|	|3
~~311|	|4324|	|\\utilprdsar001\SAR001PR111|	|1|	|1|	|3
~~312|	|6656|	||	|2|	|0|	|3
~~313|	|6426|	||	|1|	|1|	|3
~~314|	|4443|	|\\utilprdsar001\SAR001PR022|	|1|	|1|	|3
~~315|	|515|	||	|1|	|1|	|3
~~316|	|6274|	|\\utilprdsar001\SAR001PR022|	|1|	|1|	|3
~~317|	|6284|	|\\utilprdsar001\SAR001PR041|	|1|	|1|	|3
~~318|	|302|	||	|1|	|1|	|3
~~319|	|2218|	||	|1|	|1|	|3
~~320|	|5106|	|\\UTILPRDSAR001\SAR001PR022|	|1|	|1|	|3
~~321|	|6840|	|\\prtprdfmm001\FMM001PR452|	|1|	|1|	|3
~~322|	|4287|	||	|1|	|1|	|3
~~323|	|5644|	||	|1|	|1|	|3
~~324|	|2301|	|\\prtprdden001\DEN001PR017|	|2|	|0|	|3
~~325|	|4618|	||	|1|	|1|	|3
~~326|	|5728|	||	|1|	|1|	|3
~~327|	|6168|	||	|1|	|1|	|3
~~328|	|6250|	|\\prtprdden001\DEN001PR070|	|1|	|1|	|3
~~329|	|6892|	||	|2|	|1|	|3
~~330|	|6132|	|HP LaserJet 4100 Series PCL (Copy 1)|	|1|	|1|	|3
~~331|	|5792|	||	|1|	|1|	|3
~~332|	|7140|	||	|2|	|1|	|3
~~333|	|7079|	|\\rmtlps1\RF114|	|2|	|1|	|3
~~334|	|7160|	||	|2|	|1|	|3
~~335|	|7162|	||	|2|	|1|	|3
~~336|	|7113|	||	|2|	|0|	|3
~~337|	|7109|	||	|2|	|1|	|3
~~338|	|5742|	||	|1|	|1|	|3
~~339|	|4463|	||	|1|	|1|	|3
~~340|	|6905|	||	|1|	|1|	|3
~~341|	|5082|	|\\PRTPRDFMM001\FMM001PR607|	|1|	|1|	|3
~~342|	|7045|	||	|2|	|1|	|3
~~343|	|7313|	||	|2|	|1|	|3
~~344|	|7318|	||	|2|	|0|	|3
~~345|	|7207|	||	|2|	|1|	|3
~~346|	|7137|	|\\RMTLPS1\RF44|	|2|	|1|	|3
~~347|	|7053|	||	|2|	|1|	|3
~~348|	|7131|	||	|2|	|1|	|3
~~349|	|7236|	|\\utilprdmtl001\MTL001PR083|	|2|	|0|	|3
~~350|	|7286|	||	|2|	|1|	|3
~~351|	|7077|	||	|2|	|1|	|3
~~352|	|7237|	||	|2|	|0|	|3
~~353|	|2326|	||	|2|	|1|	|3
~~354|	|7271|	|\\Rmtlps1\RF155|	|2|	|1|	|3
~~355|	|7111|	||	|2|	|1|	|3
~~356|	|7250|	|\\rmtlps1\RF84|	|2|	|0|	|3
~~357|	|7221|	|\\rmtlps1\RF124|	|2|	|1|	|3
~~358|	|7294|	||	|2|	|1|	|3
~~359|	|7315|	|\\rmtlps1\RF57|	|2|	|1|	|3
~~360|	|7424|	||	|2|	|1|	|3
~~361|	|7206|	||	|2|	|1|	|3
~~362|	|7056|	||	|2|	|1|	|3
~~363|	|7177|	||	|2|	|1|	|3
~~364|	|7048|	||	|2|	|0|	|3
~~365|	|7218|	|\\utilprdmtl001\MTL001PR083|	|2|	|0|	|3
~~366|	|7156|	||	|2|	|1|	|3
~~367|	|7238|	||	|2|	|0|	|3
~~368|	|7210|	||	|2|	|1|	|3
~~369|	|7324|	||	|2|	|1|	|3
~~370|	|7150|	||	|2|	|0|	|3
~~371|	|7133|	||	|2|	|1|	|3
~~372|	|6281|	|\\utilprdsar001\SAR001PR041|	|1|	|1|	|3
~~373|	|363|	||	|1|	|1|	|3
~~374|	|234|	||	|1|	|1|	|3
~~375|	|244|	|\\utilprdsar001\SAR001PR095|	|1|	|1|	|3
~~376|	|4198|	|\\prtprdfmm001\FMM001PR140|	|1|	|1|	|3
~~377|	|7231|	|\\utilprdmtl001\MTL001PR132-PS|	|2|	|1|	|3
~~378|	|7145|	||	|2|	|0|	|3
~~379|	|7200|	||	|2|	|0|	|3
~~380|	|6285|	|\\utilprdsar001\SAR001PR010|	|1|	|1|	|3
~~381|	|6997|	||	|1|	|1|	|3
~~382|	|6948|	||	|1|	|1|	|3
~~383|	|7444|	||	|1|	|1|	|3
~~384|	|6429|	||	|1|	|1|	|3
~~385|	|7179|	|\\utilprdmtl001\MTL001PR072|	|2|	|0|	|3
~~386|	|6144|	||	|1|	|1|	|3
~~387|	|7257|	||	|2|	|1|	|3
~~388|	|7458|	||	|2|	|1|	|3
~~389|	|6178|	||	|1|	|1|	|3
~~390|	|7227|	|HP LaserJet IID|	|2|	|1|	|3
~~391|	|7529|	||	|2|	|1|	|3
~~392|	|6919|	||	|2|	|1|	|3
~~393|	|427|	||	|1|	|1|	|3
~~394|	|3089|	||	|2|	|1|	|3
~~395|	|2556|	||	|2|	|0|	|3
~~396|	|7366|	||	|2|	|0|	|3
~~397|	|7697|	||	|1|	|1|	|3
~~398|	|5210|	|\\prtprdden001\DEN001PR008-PS|	|2|	|1|	|3
~~399|	|2708|	|\\PRTPRDDEN001\DEN001PR008|	|2|	|1|	|3
~~400|	|5533|	||	|1|	|1|	|3
~~401|	|2624|	|\\PRTPRDDEN001\DEN001PR046|	|2|	|1|	|3
~~402|	|7392|	||	|2|	|1|	|3
~~403|	|2550|	||	|1|	|1|	|3
~~404|	|7518|	||	|2|	|1|	|3
~~405|	|259|	|\\http://utilprdsar001\SAR001PR082|	|1|	|1|	|3
~~406|	|4422|	||	|1|	|1|	|3
~~407|	|3117|	|\\prtprdden001\DEN001PR043|	|2|	|1|	|3
~~408|	|4735|	|\\prtprdden001\DEN001PR059|	|2|	|0|	|3
~~409|	|7512|	||	|2|	|1|	|3
~~410|	|7495|	||	|1|	|1|	|3
~~411|	|7815|	||	|1|	|1|	|3
~~412|	|7241|	||	|2|	|1|	|3
~~413|	|5101|	||	|1|	|1|	|3
~~414|	|6687|	||	|2|	|1|	|3
~~415|	|6478|	||	|2|	|0|	|3
~~416|	|6513|	||	|2|	|0|	|3
~~417|	|6555|	|\\utilprdedm001\EDM001PR063|	|2|	|0|	|3
~~418|	|7277|	|\\utilprdmtl001\MTL001PR072|	|2|	|0|	|3
~~419|	|7983|	||	|1|	|1|	|3
~~420|	|7898|	||	|1|	|1|	|3
~~421|	|7868|	||	|2|	|1|	|3
~~422|	|7992|	||	|1|	|1|	|3
~~423|	|7786|	||	|2|	|1|	|3
~~424|	|6235|	||	|2|	|1|	|3
~~425|	|241|	|\\utilprdsar001\SAR001PR010|	|1|	|1|	|3
~~426|	|4445|	|\\utilprdsar001\SAR001PR068|	|1|	|1|	|3
~~427|	|277|	||	|1|	|1|	|3
~~428|	|6789|	||	|2|	|0|	|3
~~429|	|4917|	||	|1|	|1|	|3
~~430|	|7597|	||	|1|	|1|	|3
~~431|	|6895|	|\\PRTPRDDEN001\DEN001PR019-PCL|	|2|	|1|	|3
~~432|	|7857|	||	|2|	|1|	|3
~~433|	|7847|	||	|1|	|1|	|3
~~434|	|6918|	||	|2|	|1|	|3
~~435|	|5384|	||	|1|	|1|	|3
~~436|	|8127|	||	|1|	|1|	|3
~~437|	|5319|	||	|2|	|1|	|3
~~438|	|2882|	||	|1|	|1|	|3
~~439|	|6559|	||	|3|	|0|	|3
~~440|	|6894|	|\\prtprdden001\DEN001PR070|	|2|	|1|	|3
~~441|	|6995|	||	|2|	|1|	|3
~~442|	|6576|	||	|2|	|0|	|3
~~443|	|2494|	|\\PRTPRDDEN001.network.lan\DEN001PR107|	|1|	|1|	|3
~~444|	|442|	||	|1|	|1|	|3
~~445|	|7351|	|\\utilprdmtl001\MTL001PR072|	|2|	|1|	|3
~~446|	|7322|	|\\utilprdmtl001\MTL001PR123|	|2|	|1|	|3
~~447|	|7186|	||	|2|	|1|	|3
~~448|	|6792|	||	|2|	|1|	|3
~~449|	|7211|	||	|2|	|1|	|3
~~450|	|7300|	||	|2|	|0|	|3
~~451|	|6616|	||	|2|	|0|	|3
~~452|	|6432|	||	|2|	|0|	|3
~~453|	|6563|	||	|2|	|0|	|3
~~454|	|6649|	||	|2|	|0|	|3
~~455|	|6458|	||	|2|	|0|	|3
~~456|	|6638|	||	|2|	|0|	|3
~~457|	|6624|	||	|2|	|0|	|3
~~458|	|6765|	||	|2|	|0|	|3
~~459|	|6501|	||	|2|	|0|	|3
~~460|	|6806|	||	|2|	|0|	|3
~~461|	|6777|	||	|2|	|0|	|3
~~462|	|8168|	||	|2|	|0|	|3
~~463|	|6755|	||	|3|	|0|	|3
~~464|	|6566|	||	|2|	|0|	|3
~~465|	|6593|	||	|2|	|0|	|3
~~466|	|6556|	||	|2|	|0|	|3
~~467|	|6708|	||	|2|	|0|	|3
~~468|	|6551|	||	|2|	|0|	|3
~~469|	|6753|	||	|2|	|0|	|3
~~470|	|6570|	||	|3|	|0|	|3
~~471|	|6704|	||	|2|	|0|	|3
~~472|	|6564|	||	|2|	|0|	|3
~~473|	|6560|	||	|2|	|0|	|3
~~474|	|6658|	||	|3|	|0|	|3
~~475|	|6748|	||	|2|	|0|	|3
~~476|	|8260|	||	|2|	|0|	|3
~~477|	|6729|	||	|2|	|0|	|3
~~478|	|6582|	||	|2|	|0|	|3
~~479|	|6614|	||	|2|	|0|	|3
~~480|	|8067|	||	|2|	|0|	|3
~~481|	|6580|	||	|2|	|0|	|3
~~482|	|6486|	||	|2|	|0|	|3
~~483|	|6732|	||	|3|	|0|	|3
~~484|	|6469|	||	|2|	|0|	|3
~~485|	|6546|	|\\utilprdedm001\EDM001PR063|	|2|	|0|	|3
~~486|	|6561|	||	|2|	|0|	|3
~~487|	|6696|	||	|2|	|0|	|3
~~488|	|6550|	||	|2|	|0|	|3
~~489|	|6630|	|\\utilprdedm001\EDM001PR105|	|2|	|0|	|3
~~490|	|6700|	||	|2|	|0|	|3
~~491|	|6665|	||	|2|	|0|	|3
~~492|	|6537|	||	|2|	|0|	|3
~~493|	|6609|	||	|2|	|0|	|3
~~494|	|6378|	||	|2|	|0|	|3
~~495|	|6480|	||	|3|	|0|	|3
~~496|	|6583|	||	|2|	|0|	|3
~~497|	|7545|	||	|2|	|0|	|3
~~498|	|6597|	||	|2|	|0|	|3
~~499|	|6407|	||	|3|	|0|	|3
~~500|	|6607|	||	|3|	|0|	|3
~~501|	|6557|	||	|2|	|0|	|3
~~502|	|6642|	||	|2|	|0|	|3
~~503|	|6651|	||	|2|	|0|	|3
~~504|	|6699|	||	|3|	|0|	|3
~~505|	|6701|	||	|2|	|0|	|3
~~506|	|6727|	||	|3|	|0|	|3
~~507|	|6632|	||	|2|	|0|	|3
~~508|	|6705|	||	|2|	|0|	|3
~~509|	|3511|	||	|2|	|0|	|3
~~510|	|6742|	||	|2|	|0|	|3
~~511|	|6572|	||	|2|	|0|	|3
~~512|	|6518|	||	|2|	|0|	|3
~~513|	|6767|	||	|2|	|0|	|3
~~514|	|7661|	||	|2|	|0|	|3
~~515|	|6644|	||	|2|	|0|	|3
~~516|	|6568|	||	|2|	|0|	|3
~~517|	|6813|	||	|2|	|0|	|3
~~518|	|7579|	||	|2|	|0|	|3
~~519|	|6467|	||	|3|	|0|	|3
~~520|	|6803|	||	|2|	|0|	|3
~~521|	|6650|	||	|2|	|0|	|3
~~522|	|6492|	||	|2|	|0|	|2
~~523|	|6536|	||	|2|	|0|	|3
~~524|	|6504|	|\\utilprdedm001\EDM001PR104|	|2|	|0|	|3
~~525|	|6733|	||	|2|	|0|	|3
~~526|	|6584|	|\\utilprdedm001\EDM001PR066|	|2|	|0|	|3
~~527|	|6678|	||	|2|	|0|	|3
~~528|	|6571|	||	|2|	|0|	|3
~~529|	|6481|	||	|2|	|0|	|3
~~530|	|6621|	||	|2|	|0|	|3
~~531|	|6507|	||	|2|	|0|	|3
~~532|	|8259|	||	|2|	|0|	|3
~~533|	|6643|	||	|2|	|0|	|3
~~534|	|6659|	||	|2|	|0|	|3
~~535|	|6553|	|\\utilprdedm001\EDM001PR102|	|3|	|0|	|3
~~536|	|6726|	||	|2|	|0|	|3
~~537|	|6577|	||	|2|	|0|	|3
~~538|	|6668|	||	|2|	|0|	|3
~~539|	|6725|	||	|2|	|0|	|3
~~540|	|6619|	||	|3|	|0|	|3
~~541|	|6750|	||	|2|	|0|	|3
~~542|	|6622|	||	|2|	|0|	|3
~~543|	|6519|	||	|2|	|0|	|3
~~544|	|6548|	||	|2|	|0|	|3
~~545|	|6574|	||	|3|	|0|	|3
~~546|	|6554|	||	|2|	|0|	|3
~~547|	|6613|	||	|2|	|0|	|3
~~548|	|6667|	||	|2|	|0|	|3
~~549|	|6520|	||	|2|	|0|	|3
~~550|	|6437|	||	|2|	|0|	|3
~~551|	|6671|	||	|2|	|0|	|3
~~552|	|7706|	||	|2|	|0|	|3
~~553|	|4277|	||	|2|	|0|	|3
~~554|	|6730|	||	|2|	|0|	|3
~~555|	|6663|	||	|3|	|0|	|3
~~556|	|6636|	||	|2|	|0|	|3
~~557|	|7660|	||	|2|	|0|	|3
~~558|	|6934|	||	|2|	|0|	|3
~~559|	|6540|	||	|2|	|0|	|3
~~560|	|6641|	||	|2|	|0|	|3
~~561|	|7658|	||	|2|	|0|	|3
~~562|	|6431|	||	|2|	|0|	|3
~~563|	|6639|	||	|2|	|0|	|3
~~564|	|6611|	||	|2|	|0|	|3
~~565|	|6715|	||	|2|	|0|	|3
~~566|	|6799|	||	|2|	|0|	|3
~~567|	|6695|	||	|2|	|0|	|3
~~568|	|6586|	||	|2|	|0|	|3
~~569|	|6661|	||	|2|	|0|	|3
~~570|	|6585|	||	|2|	|0|	|3
~~571|	|6444|	||	|2|	|0|	|3
~~572|	|7657|	||	|2|	|0|	|3
~~573|	|6485|	||	|2|	|0|	|3
~~574|	|6529|	||	|2|	|0|	|3
~~575|	|6623|	||	|2|	|0|	|3
~~576|	|6801|	||	|2|	|0|	|3
~~577|	|7690|	||	|2|	|0|	|3
~~578|	|6462|	||	|2|	|0|	|3
~~579|	|6552|	||	|2|	|0|	|3
~~580|	|6654|	||	|2|	|0|	|3
~~581|	|7941|	||	|2|	|0|	|3
~~582|	|6459|	||	|2|	|0|	|3
~~583|	|6717|	||	|2|	|0|	|3
~~584|	|6984|	||	|2|	|0|	|3
~~585|	|6516|	||	|2|	|0|	|3
~~586|	|7939|	||	|2|	|0|	|3
~~587|	|2794|	||	|2|	|0|	|3
~~588|	|5654|	||	|2|	|0|	|3
~~589|	|6899|	||	|2|	|0|	|3
~~590|	|6627|	||	|2|	|0|	|3
~~591|	|7603|	||	|2|	|0|	|3
~~592|	|6722|	||	|3|	|0|	|3
~~593|	|6662|	||	|2|	|0|	|3
~~594|	|6707|	||	|2|	|0|	|3
~~595|	|6457|	||	|2|	|0|	|3
~~596|	|6578|	||	|3|	|0|	|3
~~597|	|7299|	||	|2|	|0|	|3
~~598|	|6608|	||	|2|	|0|	|3
~~599|	|6588|	||	|2|	|0|	|3
~~600|	|6468|	||	|2|	|0|	|3
~~601|	|6575|	||	|3|	|0|	|3
~~602|	|6417|	|\\utilprdedm001\EDM001PR066|	|3|	|0|	|3
~~603|	|6545|	||	|2|	|0|	|3
~~604|	|6680|	||	|3|	|1|	|3
~~605|	|6569|	||	|2|	|0|	|3
~~606|	|6447|	||	|2|	|0|	|3
~~607|	|6689|	||	|2|	|0|	|3
~~608|	|6676|	||	|2|	|0|	|3
~~609|	|6620|	||	|2|	|0|	|3
~~610|	|6655|	||	|2|	|0|	|3
~~611|	|6790|	||	|2|	|0|	|3
~~612|	|6452|	||	|3|	|0|	|3
~~613|	|6606|	|\\utilprdedm001\EDM001PR105|	|2|	|0|	|3
~~614|	|6628|	||	|2|	|0|	|3
~~615|	|6824|	||	|2|	|0|	|3
~~616|	|6625|	||	|2|	|0|	|3
~~617|	|6716|	||	|3|	|0|	|3
~~618|	|6784|	||	|2|	|0|	|3
~~619|	|6503|	||	|2|	|0|	|3
~~620|	|6610|	||	|2|	|0|	|3
~~621|	|6881|	||	|2|	|0|	|3
~~622|	|6384|	||	|2|	|0|	|3
~~623|	|6685|	||	|2|	|0|	|3
~~624|	|6581|	||	|2|	|0|	|3
~~625|	|6774|	||	|2|	|0|	|3
~~626|	|6558|	||	|2|	|0|	|3
~~627|	|6573|	||	|2|	|0|	|3
~~628|	|6460|	||	|2|	|0|	|3
~~629|	|6461|	||	|2|	|0|	|3
~~630|	|6843|	||	|2|	|0|	|3
~~631|	|6660|	||	|2|	|0|	|3
~~632|	|6509|	||	|2|	|0|	|3
~~633|	|7378|	||	|2|	|0|	|3
~~634|	|6442|	||	|2|	|0|	|3
~~635|	|6766|	||	|2|	|0|	|3
~~636|	|6791|	||	|2|	|0|	|3
~~637|	|6487|	||	|2|	|0|	|3
~~638|	|6579|	||	|2|	|0|	|3
~~639|	|6756|	||	|2|	|0|	|3
~~640|	|6448|	||	|2|	|0|	|3
~~641|	|6646|	||	|2|	|0|	|3
~~642|	|6681|	||	|2|	|0|	|3
~~643|	|6565|	||	|2|	|0|	|3
~~644|	|7578|	||	|2|	|0|	|3
~~645|	|6764|	||	|3|	|0|	|3
~~646|	|6763|	||	|3|	|0|	|3
~~647|	|6752|	||	|2|	|0|	|3
~~648|	|6652|	||	|3|	|0|	|3
~~649|	|7730|	||	|2|	|0|	|3
~~650|	|6673|	||	|3|	|0|	|3
~~651|	|7659|	||	|2|	|0|	|3
~~652|	|6526|	||	|2|	|0|	|3
~~653|	|6511|	||	|2|	|0|	|3
~~654|	|6983|	||	|2|	|0|	|3
~~655|	|6612|	||	|2|	|0|	|3
~~656|	|7719|	||	|2|	|0|	|3
~~657|	|6618|	||	|3|	|0|	|3
~~658|	|6421|	||	|2|	|0|	|3
~~659|	|6629|	||	|2|	|0|	|3
~~660|	|7501|	|\\utilprdmtl001\MTL001PR072|	|2|	|0|	|3
~~661|	|8173|	||	|1|	|1|	|3
~~662|	|6525|	||	|2|	|1|	|3
~~663|	|7741|	||	|1|	|1|	|3
~~664|	|7441|	||	|2|	|1|	|3
~~665|	|7453|	||	|2|	|1|	|3
~~666|	|7360|	|\\utilprdmtl001\MTL001PR072|	|2|	|0|	|3
~~667|	|7196|	||	|2|	|0|	|3
~~668|	|6042|	||	|1|	|1|	|3
~~669|	|8480|	|\\utilprdmtl001\MTL001PR083|	|2|	|1|	|3
~~670|	|7469|	|\\utilprdmtl001\MTL001PR155|	|2|	|0|	|3
~~671|	|7410|	||	|2|	|0|	|3
~~672|	|7926|	||	|1|	|1|	|3
~~673|	|8134|	||	|1|	|1|	|3
~~674|	|8215|	||	|1|	|1|	|3
~~675|	|8239|	||	|1|	|1|	|3
~~676|	|6244|	||	|1|	|1|	|3
~~677|	|8234|	||	|1|	|1|	|3
~~678|	|8000|	||	|1|	|1|	|3
~~679|	|6998|	||	|1|	|1|	|3
~~680|	|8088|	||	|1|	|1|	|3
~~681|	|7938|	||	|1|	|1|	|3
~~682|	|6959|	||	|1|	|1|	|3
~~683|	|5583|	||	|1|	|1|	|3
~~684|	|2461|	|\\prtprdden001\DEN001PR069|	|1|	|1|	|3
~~685|	|8032|	||	|1|	|1|	|3
~~686|	|8718|	||	|1|	|1|	|3
~~687|	|7735|	||	|1|	|1|	|3
~~688|	|7297|	||	|2|	|1|	|3
~~689|	|4430|	||	|1|	|1|	|3
~~690|	|5945|	||	|1|	|1|	|3
~~691|	|8521|	||	|2|	|1|	|3
~~692|	|7394|	||	|2|	|1|	|3
~~693|	|8554|	|\\PRTPRDDEN001\DEN001PR013|	|1|	|1|	|3
~~694|	|7358|	|\\utilprdmtl001\MTL001PR063|	|2|	|1|	|3
~~695|	|7585|	|\\utilprdmtl001\MTL001PR063|	|2|	|1|	|3
~~696|	|7541|	||	|2|	|1|	|3
~~697|	|7651|	|\\utilprdmtl001\MTL001PR059|	|2|	|0|	|3
~~698|	|7258|	||	|2|	|1|	|3
~~699|	|7059|	|\\utilprdmtl001\MTL001PR123|	|2|	|1|	|3
~~700|	|7955|	|\\UTILPRDMIS001\MIS001PR089|	|1|	|1|	|3
~~701|	|7800|	|\\utilprdmis001\MIS001PR134|	|1|	|1|	|3
~~702|	|257|	||	|1|	|1|	|3
~~703|	|7096|	|\\utilprdmtl001\MTL001PR100|	|2|	|1|	|3
~~704|	|7095|	||	|2|	|1|	|3
~~705|	|8133|	||	|1|	|1|	|3
~~706|	|7067|	||	|2|	|0|	|3
~~707|	|8837|	||	|1|	|1|	|3
~~708|	|2295|	|\\prtprdden001\DEN001PR009|	|1|	|1|	|3
~~709|	|6483|	||	|3|	|1|	|3
~~710|	|8984|	||	|2|	|1|	|3
~~711|	|6955|	|\\prtprdden001\DEN001PR070|	|1|	|1|	|3
~~712|	|7191|	|\\utilprdmtl001\MTL001PR129|	|2|	|1|	|3
~~713|	|7398|	||	|2|	|1|	|3
~~