1|	|1|	|1|	|1
~~2|	|1|	|2|	|1
~~3|	|1|	|3|	|1
~~4|	|1|	|4|	|1
~~5|	|1|	|5|	|1
~~6|	|1|	|6|	|1
~~7|	|1|	|7|	|1
~~8|	|1|	|8|	|1
~~9|	|1|	|9|	|1
~~10|	|1|	|10|	|1
~~11|	|1|	|11|	|1
~~12|	|1|	|12|	|1
~~13|	|1|	|13|	|1
~~14|	|1|	|14|	|1
~~15|	|1|	|15|	|1
~~16|	|1|	|16|	|1
~~17|	|1|	|17|	|1
~~18|	|1|	|18|	|1
~~19|	|1|	|19|	|1
~~20|	|1|	|20|	|1
~~21|	|1|	|21|	|1
~~22|	|1|	|22|	|1
~~23|	|1|	|23|	|1
~~24|	|1|	|24|	|1
~~25|	|1|	|25|	|1
~~67|	|1|	|67|	|1
~~243|	|1|	|2224|	|1
~~244|	|1|	|2225|	|1
~~245|	|1|	|2226|	|1
~~246|	|1|	|2227|	|1
~~247|	|1|	|2228|	|1
~~248|	|1|	|2229|	|1
~~249|	|1|	|2230|	|1
~~250|	|1|	|2231|	|1
~~251|	|1|	|2232|	|1
~~252|	|1|	|2233|	|1
~~253|	|1|	|2234|	|1
~~254|	|1|	|2235|	|1
~~255|	|1|	|2236|	|1
~~256|	|1|	|2237|	|1
~~257|	|1|	|2238|	|1
~~258|	|1|	|2239|	|1
~~259|	|1|	|2240|	|1
~~260|	|1|	|2241|	|1
~~261|	|1|	|2242|	|1
~~262|	|1|	|2243|	|1
~~263|	|1|	|2244|	|1
~~264|	|1|	|2245|	|1
~~265|	|1|	|2246|	|1
~~266|	|1|	|2247|	|1
~~267|	|1|	|2248|	|1
~~272|	|1|	|2253|	|1
~~548|	|1|	|2532|	|1
~~554|	|1|	|2538|	|1
~~555|	|1|	|2539|	|1
~~714|	|1|	|1|	|2
~~715|	|1|	|2|	|2
~~716|	|1|	|3|	|2
~~717|	|1|	|4|	|2
~~718|	|1|	|5|	|2
~~719|	|1|	|6|	|2
~~720|	|1|	|7|	|2
~~721|	|1|	|8|	|2
~~722|	|1|	|9|	|2
~~723|	|1|	|10|	|2
~~724|	|1|	|11|	|2
~~725|	|1|	|12|	|2
~~726|	|1|	|13|	|2
~~727|	|1|	|14|	|2
~~728|	|1|	|15|	|2
~~729|	|1|	|16|	|2
~~730|	|1|	|17|	|2
~~731|	|1|	|18|	|2
~~732|	|1|	|19|	|2
~~733|	|1|	|20|	|2
~~734|	|1|	|21|	|2
~~735|	|1|	|22|	|2
~~736|	|1|	|23|	|2
~~737|	|1|	|24|	|2
~~738|	|1|	|25|	|2
~~780|	|1|	|67|	|2
~~890|	|1|	|2224|	|2
~~891|	|1|	|2225|	|2
~~892|	|1|	|2226|	|2
~~893|	|1|	|2227|	|2
~~894|	|1|	|2228|	|2
~~895|	|1|	|2229|	|2
~~896|	|1|	|2230|	|2
~~897|	|1|	|2231|	|2
~~898|	|1|	|2232|	|2
~~899|	|1|	|2233|	|2
~~900|	|1|	|2234|	|2
~~901|	|1|	|2235|	|2
~~902|	|1|	|2236|	|2
~~903|	|1|	|2237|	|2
~~904|	|1|	|2238|	|2
~~905|	|1|	|2239|	|2
~~906|	|1|	|2240|	|2
~~907|	|1|	|2241|	|2
~~908|	|1|	|2242|	|2
~~909|	|1|	|2243|	|2
~~910|	|1|	|2244|	|2
~~911|	|1|	|2245|	|2
~~912|	|1|	|2246|	|2
~~913|	|1|	|2247|	|2
~~914|	|1|	|2248|	|2
~~919|	|1|	|2253|	|2
~~1195|	|1|	|2532|	|2
~~1201|	|1|	|2538|	|2
~~1202|	|1|	|2539|	|2
~~26|	|2|	|26|	|1
~~27|	|2|	|27|	|1
~~28|	|2|	|28|	|1
~~29|	|2|	|29|	|1
~~30|	|2|	|30|	|1
~~31|	|2|	|31|	|1
~~32|	|2|	|32|	|1
~~33|	|2|	|33|	|1
~~34|	|2|	|34|	|1
~~35|	|2|	|35|	|1
~~36|	|2|	|36|	|1
~~37|	|2|	|37|	|1
~~38|	|2|	|38|	|1
~~39|	|2|	|39|	|1
~~40|	|2|	|40|	|1
~~41|	|2|	|41|	|1
~~42|	|2|	|42|	|1
~~43|	|2|	|43|	|1
~~44|	|2|	|44|	|1
~~45|	|2|	|45|	|1
~~46|	|2|	|46|	|1
~~47|	|2|	|47|	|1
~~48|	|2|	|48|	|1
~~49|	|2|	|49|	|1
~~50|	|2|	|50|	|1
~~51|	|2|	|51|	|1
~~52|	|2|	|52|	|1
~~53|	|2|	|53|	|1
~~54|	|2|	|54|	|1
~~55|	|2|	|55|	|1
~~56|	|2|	|56|	|1
~~57|	|2|	|57|	|1
~~58|	|2|	|58|	|1
~~59|	|2|	|59|	|1
~~60|	|2|	|60|	|1
~~61|	|2|	|61|	|1
~~62|	|2|	|62|	|1
~~63|	|2|	|63|	|1
~~64|	|2|	|64|	|1
~~65|	|2|	|65|	|1
~~66|	|2|	|66|	|1
~~270|	|2|	|2251|	|1
~~271|	|2|	|2252|	|1
~~356|	|2|	|2337|	|1
~~357|	|2|	|2338|	|1
~~358|	|2|	|2339|	|1
~~359|	|2|	|2340|	|1
~~360|	|2|	|2341|	|1
~~361|	|2|	|2342|	|1
~~362|	|2|	|2343|	|1
~~363|	|2|	|2344|	|1
~~364|	|2|	|2345|	|1
~~365|	|2|	|2346|	|1
~~366|	|2|	|2347|	|1
~~367|	|2|	|2348|	|1
~~368|	|2|	|2349|	|1
~~369|	|2|	|2350|	|1
~~370|	|2|	|2351|	|1
~~371|	|2|	|2352|	|1
~~372|	|2|	|2353|	|1
~~373|	|2|	|2354|	|1
~~374|	|2|	|2355|	|1
~~375|	|2|	|2356|	|1
~~376|	|2|	|2357|	|1
~~377|	|2|	|2358|	|1
~~378|	|2|	|2359|	|1
~~379|	|2|	|2360|	|1
~~380|	|2|	|2361|	|1
~~381|	|2|	|2362|	|1
~~382|	|2|	|2363|	|1
~~383|	|2|	|2364|	|1
~~384|	|2|	|2365|	|1
~~385|	|2|	|2366|	|1
~~386|	|2|	|2367|	|1
~~387|	|2|	|2368|	|1
~~388|	|2|	|2369|	|1
~~389|	|2|	|2370|	|1
~~390|	|2|	|2371|	|1
~~391|	|2|	|2372|	|1
~~392|	|2|	|2373|	|1
~~393|	|2|	|2374|	|1
~~394|	|2|	|2375|	|1
~~395|	|2|	|2376|	|1
~~396|	|2|	|2377|	|1
~~397|	|2|	|2378|	|1
~~398|	|2|	|2379|	|1
~~399|	|2|	|2380|	|1
~~400|	|2|	|2381|	|1
~~401|	|2|	|2382|	|1
~~402|	|2|	|2383|	|1
~~403|	|2|	|2384|	|1
~~404|	|2|	|2385|	|1
~~405|	|2|	|2386|	|1
~~406|	|2|	|2387|	|1
~~407|	|2|	|2388|	|1
~~408|	|2|	|2389|	|1
~~409|	|2|	|2390|	|1
~~410|	|2|	|2391|	|1
~~411|	|2|	|2392|	|1
~~412|	|2|	|2393|	|1
~~413|	|2|	|2394|	|1
~~414|	|2|	|2395|	|1
~~415|	|2|	|2396|	|1
~~416|	|2|	|2397|	|1
~~417|	|2|	|2398|	|1
~~418|	|2|	|2399|	|1
~~419|	|2|	|2400|	|1
~~420|	|2|	|2401|	|1
~~421|	|2|	|2402|	|1
~~422|	|2|	|2403|	|1
~~423|	|2|	|2404|	|1
~~424|	|2|	|2405|	|1
~~425|	|2|	|2406|	|1
~~426|	|2|	|2407|	|1
~~427|	|2|	|2408|	|1
~~428|	|2|	|2409|	|1
~~429|	|2|	|2410|	|1
~~430|	|2|	|2411|	|1
~~431|	|2|	|2412|	|1
~~432|	|2|	|2413|	|1
~~433|	|2|	|2414|	|1
~~434|	|2|	|2415|	|1
~~435|	|2|	|2416|	|1
~~436|	|2|	|2417|	|1
~~437|	|2|	|2418|	|1
~~438|	|2|	|2419|	|1
~~439|	|2|	|2420|	|1
~~440|	|2|	|2421|	|1
~~441|	|2|	|2422|	|1
~~442|	|2|	|2423|	|1
~~443|	|2|	|2424|	|1
~~475|	|2|	|2456|	|1
~~476|	|2|	|2457|	|1
~~477|	|2|	|2458|	|1
~~478|	|2|	|2459|	|1
~~542|	|2|	|2526|	|1
~~1553|	|2|	|2742|	|1
~~1555|	|2|	|2743|	|1
~~1573|	|2|	|2752|	|1
~~739|	|2|	|26|	|2
~~740|	|2|	|27|	|2
~~741|	|2|	|28|	|2
~~742|	|2|	|29|	|2
~~743|	|2|	|30|	|2
~~744|	|2|	|31|	|2
~~745|	|2|	|32|	|2
~~746|	|2|	|33|	|2
~~747|	|2|	|34|	|2
~~748|	|2|	|35|	|2
~~749|	|2|	|36|	|2
~~750|	|2|	|37|	|2
~~751|	|2|	|38|	|2
~~752|	|2|	|39|	|2
~~753|	|2|	|40|	|2
~~754|	|2|	|41|	|2
~~755|	|2|	|42|	|2
~~756|	|2|	|43|	|2
~~757|	|2|	|44|	|2
~~758|	|2|	|45|	|2
~~759|	|2|	|46|	|2
~~760|	|2|	|47|	|2
~~761|	|2|	|48|	|2
~~762|	|2|	|49|	|2
~~763|	|2|	|50|	|2
~~764|	|2|	|51|	|2
~~765|	|2|	|52|	|2
~~766|	|2|	|53|	|2
~~767|	|2|	|54|	|2
~~768|	|2|	|55|	|2
~~769|	|2|	|56|	|2
~~770|	|2|	|57|	|2
~~771|	|2|	|58|	|2
~~772|	|2|	|59|	|2
~~773|	|2|	|60|	|2
~~774|	|2|	|61|	|2
~~775|	|2|	|62|	|2
~~776|	|2|	|63|	|2
~~777|	|2|	|64|	|2
~~778|	|2|	|65|	|2
~~779|	|2|	|66|	|2
~~917|	|2|	|2251|	|2
~~918|	|2|	|2252|	|2
~~1003|	|2|	|2337|	|2
~~1004|	|2|	|2338|	|2
~~1005|	|2|	|2339|	|2
~~1006|	|2|	|2340|	|2
~~1007|	|2|	|2341|	|2
~~1008|	|2|	|2342|	|2
~~1009|	|2|	|2343|	|2
~~1010|	|2|	|2344|	|2
~~1011|	|2|	|2345|	|2
~~1012|	|2|	|2346|	|2
~~1013|	|2|	|2347|	|2
~~1014|	|2|	|2348|	|2
~~1015|	|2|	|2349|	|2
~~1016|	|2|	|2350|	|2
~~1017|	|2|	|2351|	|2
~~1018|	|2|	|2352|	|2
~~1019|	|2|	|2353|	|2
~~1020|	|2|	|2354|	|2
~~1021|	|2|	|2355|	|2
~~1022|	|2|	|2356|	|2
~~1023|	|2|	|2357|	|2
~~1024|	|2|	|2358|	|2
~~1025|	|2|	|2359|	|2
~~1026|	|2|	|2360|	|2
~~1027|	|2|	|2361|	|2
~~1028|	|2|	|2362|	|2
~~1029|	|2|	|2363|	|2
~~1030|	|2|	|2364|	|2
~~1031|	|2|	|2365|	|2
~~1032|	|2|	|2366|	|2
~~1033|	|2|	|2367|	|2
~~1034|	|2|	|2368|	|2
~~1035|	|2|	|2369|	|2
~~1036|	|2|	|2370|	|2
~~1037|	|2|	|2371|	|2
~~1038|	|2|	|2372|	|2
~~1039|	|2|	|2373|	|2
~~1040|	|2|	|2374|	|2
~~1041|	|2|	|2375|	|2
~~1042|	|2|	|2376|	|2
~~1043|	|2|	|2377|	|2
~~1044|	|2|	|2378|	|2
~~1045|	|2|	|2379|	|2
~~1046|	|2|	|2380|	|2
~~1047|	|2|	|2381|	|2
~~1048|	|2|	|2382|	|2
~~1049|	|2|	|2383|	|2
~~1050|	|2|	|2384|	|2
~~1051|	|2|	|2385|	|2
~~1052|	|2|	|2386|	|2
~~1053|	|2|	|2387|	|2
~~1054|	|2|	|2388|	|2
~~1055|	|2|	|2389|	|2
~~1056|	|2|	|2390|	|2
~~1057|	|2|	|2391|	|2
~~1058|	|2|	|2392|	|2
~~1059|	|2|	|2393|	|2
~~1060|	|2|	|2394|	|2
~~1061|	|2|	|2395|	|2
~~1062|	|2|	|2396|	|2
~~1063|	|2|	|2397|	|2
~~1064|	|2|	|2398|	|2
~~1065|	|2|	|2399|	|2
~~1066|	|2|	|2400|	|2
~~1067|	|2|	|2401|	|2
~~1068|	|2|	|2402|	|2
~~1069|	|2|	|2403|	|2
~~1070|	|2|	|2404|	|2
~~1071|	|2|	|2405|	|2
~~1072|	|2|	|2406|	|2
~~1073|	|2|	|2407|	|2
~~1074|	|2|	|2408|	|2
~~1075|	|2|	|2409|	|2
~~1076|	|2|	|2410|	|2
~~1077|	|2|	|2411|	|2
~~1078|	|2|	|2412|	|2
~~1079|	|2|	|2413|	|2
~~1080|	|2|	|2414|	|2
~~1081|	|2|	|2415|	|2
~~1082|	|2|	|2416|	|2
~~1083|	|2|	|2417|	|2
~~1084|	|2|	|2418|	|2
~~1085|	|2|	|2419|	|2
~~1086|	|2|	|2420|	|2
~~1087|	|2|	|2421|	|2
~~1088|	|2|	|2422|	|2
~~1089|	|2|	|2423|	|2
~~1090|	|2|	|2424|	|2
~~1122|	|2|	|2456|	|2
~~1123|	|2|	|2457|	|2
~~1124|	|2|	|2458|	|2
~~1125|	|2|	|2459|	|2
~~1189|	|2|	|2526|	|2
~~1554|	|2|	|2742|	|2
~~1556|	|2|	|2743|	|2
~~1574|	|2|	|2752|	|2
~~73|	|3|	|73|	|1
~~74|	|3|	|74|	|1
~~75|	|3|	|75|	|1
~~76|	|3|	|76|	|1
~~77|	|3|	|77|	|1
~~78|	|3|	|78|	|1
~~79|	|3|	|79|	|1
~~80|	|3|	|80|	|1
~~81|	|3|	|81|	|1
~~82|	|3|	|2006|	|1
~~83|	|3|	|2007|	|1
~~84|	|3|	|2009|	|1
~~85|	|3|	|2010|	|1
~~86|	|3|	|2011|	|1
~~87|	|3|	|2012|	|1
~~88|	|3|	|2013|	|1
~~89|	|3|	|2014|	|1
~~90|	|3|	|2015|	|1
~~91|	|3|	|2017|	|1
~~92|	|3|	|2018|	|1
~~93|	|3|	|2019|	|1
~~94|	|3|	|2020|	|1
~~95|	|3|	|2021|	|1
~~96|	|3|	|2022|	|1
~~97|	|3|	|2024|	|1
~~98|	|3|	|2025|	|1
~~99|	|3|	|2026|	|1
~~100|	|3|	|2027|	|1
~~101|	|3|	|2028|	|1
~~102|	|3|	|2029|	|1
~~103|	|3|	|2031|	|1
~~104|	|3|	|2032|	|1
~~105|	|3|	|2033|	|1
~~106|	|3|	|2034|	|1
~~107|	|3|	|2035|	|1
~~108|	|3|	|2036|	|1
~~109|	|3|	|2037|	|1
~~110|	|3|	|2038|	|1
~~111|	|3|	|2039|	|1
~~112|	|3|	|2040|	|1
~~113|	|3|	|2041|	|1
~~114|	|3|	|2042|	|1
~~115|	|3|	|2043|	|1
~~116|	|3|	|2044|	|1
~~117|	|3|	|2046|	|1
~~118|	|3|	|2047|	|1
~~119|	|3|	|2048|	|1
~~120|	|3|	|2049|	|1
~~121|	|3|	|2050|	|1
~~122|	|3|	|2051|	|1
~~123|	|3|	|2052|	|1
~~124|	|3|	|2053|	|1
~~125|	|3|	|2054|	|1
~~126|	|3|	|2055|	|1
~~127|	|3|	|2056|	|1
~~128|	|3|	|2057|	|1
~~129|	|3|	|2058|	|1
~~130|	|3|	|2059|	|1
~~131|	|3|	|2060|	|1
~~132|	|3|	|2061|	|1
~~133|	|3|	|2062|	|1
~~134|	|3|	|2063|	|1
~~135|	|3|	|2064|	|1
~~136|	|3|	|2065|	|1
~~137|	|3|	|2066|	|1
~~138|	|3|	|2067|	|1
~~139|	|3|	|2068|	|1
~~140|	|3|	|2069|	|1
~~141|	|3|	|2070|	|1
~~142|	|3|	|2071|	|1
~~143|	|3|	|2072|	|1
~~144|	|3|	|2073|	|1
~~145|	|3|	|2074|	|1
~~146|	|3|	|2075|	|1
~~147|	|3|	|2076|	|1
~~148|	|3|	|2077|	|1
~~149|	|3|	|2078|	|1
~~150|	|3|	|2079|	|1
~~151|	|3|	|2080|	|1
~~152|	|3|	|2081|	|1
~~153|	|3|	|2082|	|1
~~154|	|3|	|2083|	|1
~~155|	|3|	|2084|	|1
~~156|	|3|	|2085|	|1
~~157|	|3|	|2086|	|1
~~158|	|3|	|2087|	|1
~~159|	|3|	|2088|	|1
~~160|	|3|	|2089|	|1
~~161|	|3|	|2090|	|1
~~162|	|3|	|2091|	|1
~~163|	|3|	|2092|	|1
~~165|	|3|	|2094|	|1
~~168|	|3|	|2097|	|1
~~169|	|3|	|2098|	|1
~~170|	|3|	|2099|	|1
~~171|	|3|	|2100|	|1
~~172|	|3|	|2101|	|1
~~173|	|3|	|2102|	|1
~~174|	|3|	|2103|	|1
~~175|	|3|	|2104|	|1
~~176|	|3|	|2105|	|1
~~177|	|3|	|2106|	|1
~~178|	|3|	|2107|	|1
~~179|	|3|	|2108|	|1
~~180|	|3|	|2109|	|1
~~181|	|3|	|2110|	|1
~~182|	|3|	|2111|	|1
~~183|	|3|	|2112|	|1
~~184|	|3|	|2113|	|1
~~185|	|3|	|2114|	|1
~~186|	|3|	|2115|	|1
~~187|	|3|	|2116|	|1
~~188|	|3|	|2117|	|1
~~189|	|3|	|2118|	|1
~~190|	|3|	|2119|	|1
~~191|	|3|	|2120|	|1
~~192|	|3|	|2121|	|1
~~193|	|3|	|2122|	|1
~~194|	|3|	|2123|	|1
~~195|	|3|	|2124|	|1
~~196|	|3|	|2125|	|1
~~197|	|3|	|2126|	|1
~~198|	|3|	|2127|	|1
~~199|	|3|	|2128|	|1
~~200|	|3|	|2129|	|1
~~201|	|3|	|2130|	|1
~~202|	|3|	|2131|	|1
~~203|	|3|	|2132|	|1
~~204|	|3|	|2133|	|1
~~205|	|3|	|2134|	|1
~~206|	|3|	|2135|	|1
~~207|	|3|	|2136|	|1
~~208|	|3|	|2137|	|1
~~209|	|3|	|2138|	|1
~~210|	|3|	|2139|	|1
~~211|	|3|	|2140|	|1
~~212|	|3|	|2141|	|1
~~213|	|3|	|2142|	|1
~~214|	|3|	|2143|	|1
~~215|	|3|	|2144|	|1
~~216|	|3|	|2145|	|1
~~217|	|3|	|2146|	|1
~~218|	|3|	|2147|	|1
~~219|	|3|	|2148|	|1
~~220|	|3|	|2149|	|1
~~221|	|3|	|2150|	|1
~~222|	|3|	|2151|	|1
~~223|	|3|	|2152|	|1
~~224|	|3|	|2153|	|1
~~225|	|3|	|2154|	|1
~~226|	|3|	|2155|	|1
~~227|	|3|	|2156|	|1
~~228|	|3|	|2157|	|1
~~229|	|3|	|2158|	|1
~~230|	|3|	|2159|	|1
~~231|	|3|	|2160|	|1
~~232|	|3|	|2161|	|1
~~233|	|3|	|2162|	|1
~~234|	|3|	|2163|	|1
~~235|	|3|	|2164|	|1
~~236|	|3|	|2165|	|1
~~237|	|3|	|2166|	|1
~~238|	|3|	|2167|	|1
~~239|	|3|	|2168|	|1
~~240|	|3|	|2169|	|1
~~241|	|3|	|2170|	|1
~~242|	|3|	|2171|	|1
~~335|	|3|	|2316|	|1
~~336|	|3|	|2317|	|1
~~337|	|3|	|2318|	|1
~~338|	|3|	|2319|	|1
~~339|	|3|	|2320|	|1
~~340|	|3|	|2321|	|1
~~341|	|3|	|2322|	|1
~~342|	|3|	|2323|	|1
~~343|	|3|	|2324|	|1
~~344|	|3|	|2325|	|1
~~345|	|3|	|2326|	|1
~~346|	|3|	|2327|	|1
~~347|	|3|	|2328|	|1
~~350|	|3|	|2331|	|1
~~351|	|3|	|2332|	|1
~~352|	|3|	|2333|	|1
~~353|	|3|	|2334|	|1
~~354|	|3|	|2335|	|1
~~355|	|3|	|2336|	|1
~~498|	|3|	|2479|	|1
~~499|	|3|	|2480|	|1
~~500|	|3|	|2481|	|1
~~543|	|3|	|2527|	|1
~~544|	|3|	|2528|	|1
~~545|	|3|	|2529|	|1
~~546|	|3|	|2530|	|1
~~547|	|3|	|2531|	|1
~~552|	|3|	|2536|	|1
~~616|	|3|	|2600|	|1
~~617|	|3|	|2601|	|1
~~618|	|3|	|2602|	|1
~~619|	|3|	|2603|	|1
~~631|	|3|	|2615|	|1
~~696|	|3|	|2681|	|1
~~710|	|3|	|2695|	|1
~~713|	|3|	|2698|	|1
~~1483|	|3|	|2710|	|1
~~1494|	|3|	|2715|	|1
~~1551|	|3|	|2741|	|1
~~1567|	|3|	|2749|	|1
~~1575|	|3|	|2753|	|1
~~1577|	|3|	|2754|	|1
~~1621|	|3|	|2770|	|1
~~1627|	|3|	|2773|	|1
~~1633|	|3|	|2775|	|1
~~1635|	|3|	|2776|	|1
~~1637|	|3|	|2777|	|1
~~1689|	|3|	|2801|	|1
~~1691|	|3|	|2802|	|1
~~1763|	|3|	|2838|	|1
~~1765|	|3|	|2839|	|1
~~1767|	|3|	|2840|	|1
~~1769|	|3|	|2841|	|1
~~786|	|3|	|73|	|2
~~787|	|3|	|74|	|2
~~788|	|3|	|75|	|2
~~789|	|3|	|76|	|2
~~790|	|3|	|77|	|2
~~791|	|3|	|78|	|2
~~792|	|3|	|79|	|2
~~793|	|3|	|80|	|2
~~794|	|3|	|81|	|2
~~795|	|3|	|2006|	|2
~~796|	|3|	|2007|	|2
~~797|	|3|	|2009|	|2
~~798|	|3|	|2010|	|2
~~799|	|3|	|2011|	|2
~~800|	|3|	|2012|	|2
~~801|	|3|	|2013|	|2
~~802|	|3|	|2014|	|2
~~803|	|3|	|2015|	|2
~~804|	|3|	|2017|	|2
~~805|	|3|	|2018|	|2
~~806|	|3|	|2019|	|2
~~807|	|3|	|2020|	|2
~~808|	|3|	|2021|	|2
~~809|	|3|	|2022|	|2
~~810|	|3|	|2024|	|2
~~811|	|3|	|2025|	|2
~~812|	|3|	|2026|	|2
~~813|	|3|	|2027|	|2
~~814|	|3|	|2028|	|2
~~815|	|3|	|2029|	|2
~~816|	|3|	|2031|	|2
~~817|	|3|	|2032|	|2
~~818|	|3|	|2033|	|2
~~819|	|3|	|2034|	|2
~~820|	|3|	|2035|	|2
~~821|	|3|	|2036|	|2
~~822|	|3|	|2037|	|2
~~823|	|3|	|2038|	|2
~~824|	|3|	|2039|	|2
~~825|	|3|	|2040|	|2
~~826|	|3|	|2041|	|2
~~827|	|3|	|2042|	|2
~~828|	|3|	|2043|	|2
~~829|	|3|	|2044|	|2
~~830|	|3|	|2046|	|2
~~831|	|3|	|2047|	|2
~~832|	|3|	|2048|	|2
~~833|	|3|	|2049|	|2
~~834|	|3|	|2050|	|2
~~835|	|3|	|2051|	|2
~~836|	|3|	|2052|	|2
~~837|	|3|	|2053|	|2
~~838|	|3|	|2054|	|2
~~839|	|3|	|2055|	|2
~~840|	|3|	|2056|	|2
~~841|	|3|	|2057|	|2
~~842|	|3|	|2058|	|2
~~843|	|3|	|2059|	|2
~~844|	|3|	|2060|	|2
~~845|	|3|	|2061|	|2
~~846|	|3|	|2062|	|2
~~847|	|3|	|2063|	|2
~~848|	|3|	|2064|	|2
~~849|	|3|	|2065|	|2
~~850|	|3|	|2066|	|2
~~851|	|3|	|2067|	|2
~~852|	|3|	|2068|	|2
~~853|	|3|	|2069|	|2
~~854|	|3|	|2070|	|2
~~855|	|3|	|2071|	|2
~~856|	|3|	|2072|	|2
~~857|	|3|	|2073|	|2
~~858|	|3|	|2074|	|2
~~859|	|3|	|2075|	|2
~~860|	|3|	|2076|	|2
~~861|	|3|	|2077|	|2
~~862|	|3|	|2078|	|2
~~863|	|3|	|2079|	|2
~~864|	|3|	|2080|	|2
~~865|	|3|	|2081|	|2
~~866|	|3|	|2082|	|2
~~867|	|3|	|2083|	|2
~~868|	|3|	|2084|	|2
~~869|	|3|	|2085|	|2
~~870|	|3|	|2086|	|2
~~871|	|3|	|2087|	|2
~~872|	|3|	|2088|	|2
~~873|	|3|	|2089|	|2
~~874|	|3|	|2090|	|2
~~875|	|3|	|2091|	|2
~~876|	|3|	|2092|	|2
~~878|	|3|	|2094|	|2
~~881|	|3|	|2097|	|2
~~882|	|3|	|2098|	|2
~~883|	|3|	|2099|	|2
~~884|	|3|	|2112|	|2
~~885|	|3|	|2127|	|2
~~886|	|3|	|2151|	|2
~~887|	|3|	|2161|	|2
~~888|	|3|	|2170|	|2
~~889|	|3|	|2171|	|2
~~982|	|3|	|2316|	|2
~~983|	|3|	|2317|	|2
~~984|	|3|	|2318|	|2
~~985|	|3|	|2319|	|2
~~986|	|3|	|2320|	|2
~~987|	|3|	|2321|	|2
~~988|	|3|	|2322|	|2
~~989|	|3|	|2323|	|2
~~990|	|3|	|2324|	|2
~~991|	|3|	|2325|	|2
~~992|	|3|	|2326|	|2
~~993|	|3|	|2327|	|2
~~994|	|3|	|2328|	|2
~~997|	|3|	|2331|	|2
~~998|	|3|	|2332|	|2
~~999|	|3|	|2333|	|2
~~1000|	|3|	|2334|	|2
~~1001|	|3|	|2335|	|2
~~1002|	|3|	|2336|	|2
~~1145|	|3|	|2479|	|2
~~1146|	|3|	|2480|	|2
~~1147|	|3|	|2481|	|2
~~1190|	|3|	|2527|	|2
~~1191|	|3|	|2528|	|2
~~1192|	|3|	|2529|	|2
~~1193|	|3|	|2530|	|2
~~1194|	|3|	|2531|	|2
~~1199|	|3|	|2536|	|2
~~1263|	|3|	|2600|	|2
~~1264|	|3|	|2601|	|2
~~1265|	|3|	|2602|	|2
~~1266|	|3|	|2603|	|2
~~1276|	|3|	|2615|	|2
~~1318|	|3|	|2681|	|2
~~1320|	|3|	|2695|	|2
~~1321|	|3|	|2698|	|2
~~1484|	|3|	|2710|	|2
~~1495|	|3|	|2715|	|2
~~1552|	|3|	|2741|	|2
~~1568|	|3|	|2749|	|2
~~1576|	|3|	|2753|	|2
~~1578|	|3|	|2754|	|2
~~1622|	|3|	|2770|	|2
~~1628|	|3|	|2773|	|2
~~1634|	|3|	|2775|	|2
~~1636|	|3|	|2776|	|2
~~1638|	|3|	|2777|	|2
~~1690|	|3|	|2801|	|2
~~1692|	|3|	|2802|	|2
~~1764|	|3|	|2838|	|2
~~1766|	|3|	|2839|	|2
~~1768|	|3|	|2840|	|2
~~1770|	|3|	|2841|	|2
~~68|	|4|	|68|	|1
~~69|	|4|	|69|	|1
~~70|	|4|	|70|	|1
~~71|	|4|	|71|	|1
~~72|	|4|	|72|	|1
~~166|	|4|	|2095|	|1
~~167|	|4|	|2096|	|1
~~268|	|4|	|2249|	|1
~~269|	|4|	|2250|	|1
~~444|	|4|	|2425|	|1
~~445|	|4|	|2426|	|1
~~446|	|4|	|2427|	|1
~~447|	|4|	|2428|	|1
~~448|	|4|	|2429|	|1
~~449|	|4|	|2430|	|1
~~450|	|4|	|2431|	|1
~~451|	|4|	|2432|	|1
~~452|	|4|	|2433|	|1
~~453|	|4|	|2434|	|1
~~454|	|4|	|2435|	|1
~~455|	|4|	|2436|	|1
~~456|	|4|	|2437|	|1
~~457|	|4|	|2438|	|1
~~458|	|4|	|2439|	|1
~~459|	|4|	|2440|	|1
~~460|	|4|	|2441|	|1
~~461|	|4|	|2442|	|1
~~462|	|4|	|2443|	|1
~~463|	|4|	|2444|	|1
~~464|	|4|	|2445|	|1
~~465|	|4|	|2446|	|1
~~466|	|4|	|2447|	|1
~~467|	|4|	|2448|	|1
~~468|	|4|	|2449|	|1
~~469|	|4|	|2450|	|1
~~470|	|4|	|2451|	|1
~~471|	|4|	|2452|	|1
~~472|	|4|	|2453|	|1
~~473|	|4|	|2454|	|1
~~474|	|4|	|2455|	|1
~~479|	|4|	|2460|	|1
~~480|	|4|	|2461|	|1
~~481|	|4|	|2462|	|1
~~482|	|4|	|2463|	|1
~~483|	|4|	|2464|	|1
~~484|	|4|	|2465|	|1
~~485|	|4|	|2466|	|1
~~486|	|4|	|2467|	|1
~~487|	|4|	|2468|	|1
~~488|	|4|	|2469|	|1
~~489|	|4|	|2470|	|1
~~490|	|4|	|2471|	|1
~~491|	|4|	|2472|	|1
~~492|	|4|	|2473|	|1
~~493|	|4|	|2474|	|1
~~494|	|4|	|2475|	|1
~~495|	|4|	|2476|	|1
~~496|	|4|	|2477|	|1
~~497|	|4|	|2478|	|1
~~535|	|4|	|2519|	|1
~~536|	|4|	|2520|	|1
~~537|	|4|	|2521|	|1
~~538|	|4|	|2522|	|1
~~556|	|4|	|2540|	|1
~~557|	|4|	|2541|	|1
~~1619|	|4|	|2769|	|1
~~1683|	|4|	|2799|	|1
~~1685|	|4|	|2800|	|1
~~781|	|4|	|68|	|2
~~782|	|4|	|69|	|2
~~783|	|4|	|70|	|2
~~784|	|4|	|71|	|2
~~785|	|4|	|72|	|2
~~879|	|4|	|2095|	|2
~~880|	|4|	|2096|	|2
~~915|	|4|	|2249|	|2
~~916|	|4|	|2250|	|2
~~1091|	|4|	|2425|	|2
~~1092|	|4|	|2426|	|2
~~1093|	|4|	|2427|	|2
~~1094|	|4|	|2428|	|2
~~1095|	|4|	|2429|	|2
~~1096|	|4|	|2430|	|2
~~1097|	|4|	|2431|	|2
~~1098|	|4|	|2432|	|2
~~1099|	|4|	|2433|	|2
~~1100|	|4|	|2434|	|2
~~1101|	|4|	|2435|	|2
~~1102|	|4|	|2436|	|2
~~1103|	|4|	|2437|	|2
~~1104|	|4|	|2438|	|2
~~1105|	|4|	|2439|	|2
~~1106|	|4|	|2440|	|2
~~1107|	|4|	|2441|	|2
~~1108|	|4|	|2442|	|2
~~1109|	|4|	|2443|	|2
~~1110|	|4|	|2444|	|2
~~1111|	|4|	|2445|	|2
~~1112|	|4|	|2446|	|2
~~1113|	|4|	|2447|	|2
~~1114|	|4|	|2448|	|2
~~1115|	|4|	|2449|	|2
~~1116|	|4|	|2450|	|2
~~1117|	|4|	|2451|	|2
~~1118|	|4|	|2452|	|2
~~1119|	|4|	|2453|	|2
~~1120|	|4|	|2454|	|2
~~1121|	|4|	|2455|	|2
~~1126|	|4|	|2460|	|2
~~1127|	|4|	|2461|	|2
~~1128|	|4|	|2462|	|2
~~1129|	|4|	|2463|	|2
~~1130|	|4|	|2464|	|2
~~1131|	|4|	|2465|	|2
~~1132|	|4|	|2466|	|2
~~1133|	|4|	|2467|	|2
~~1134|	|4|	|2468|	|2
~~1135|	|4|	|2469|	|2
~~1136|	|4|	|2470|	|2
~~1137|	|4|	|2471|	|2
~~1138|	|4|	|2472|	|2
~~1139|	|4|	|2473|	|2
~~1140|	|4|	|2474|	|2
~~1141|	|4|	|2475|	|2
~~1142|	|4|	|2476|	|2
~~1143|	|4|	|2477|	|2
~~1144|	|4|	|2478|	|2
~~1182|	|4|	|2519|	|2
~~1183|	|4|	|2520|	|2
~~1184|	|4|	|2521|	|2
~~1185|	|4|	|2522|	|2
~~1203|	|4|	|2540|	|2
~~1204|	|4|	|2541|	|2
~~1620|	|4|	|2769|	|2
~~1684|	|4|	|2799|	|2
~~1686|	|4|	|2800|	|2
~~164|	|5|	|2093|	|1
~~628|	|5|	|2612|	|1
~~629|	|5|	|2613|	|1
~~632|	|5|	|2616|	|1
~~633|	|5|	|2617|	|1
~~634|	|5|	|2618|	|1
~~636|	|5|	|2620|	|1
~~637|	|5|	|2621|	|1
~~638|	|5|	|2622|	|1
~~639|	|5|	|2623|	|1
~~640|	|5|	|2624|	|1
~~641|	|5|	|2625|	|1
~~642|	|5|	|2626|	|1
~~649|	|5|	|2633|	|1
~~1485|	|5|	|2711|	|1
~~1501|	|5|	|2718|	|1
~~1502|	|5|	|2719|	|1
~~1503|	|5|	|2720|	|1
~~1504|	|5|	|2721|	|1
~~1505|	|5|	|2722|	|1
~~1506|	|5|	|2723|	|1
~~1507|	|5|	|2724|	|1
~~1508|	|5|	|2725|	|1
~~1509|	|5|	|2726|	|1
~~1510|	|5|	|2727|	|1
~~1511|	|5|	|2728|	|1
~~1512|	|5|	|2729|	|1
~~1525|	|5|	|2730|	|1
~~1531|	|5|	|2731|	|1
~~1533|	|5|	|2732|	|1
~~1535|	|5|	|2733|	|1
~~1537|	|5|	|2734|	|1
~~1539|	|5|	|2735|	|1
~~1541|	|5|	|2736|	|1
~~1543|	|5|	|2737|	|1
~~1545|	|5|	|2738|	|1
~~1579|	|5|	|2755|	|1
~~1581|	|5|	|2756|	|1
~~1596|	|5|	|2761|	|1
~~1615|	|5|	|2767|	|1
~~1617|	|5|	|2768|	|1
~~1623|	|5|	|2771|	|1
~~1625|	|5|	|2772|	|1
~~1693|	|5|	|2803|	|1
~~1695|	|5|	|2804|	|1
~~1801|	|5|	|2852|	|1
~~877|	|5|	|2093|	|2
~~1273|	|5|	|2612|	|2
~~1274|	|5|	|2613|	|2
~~1277|	|5|	|2616|	|2
~~1278|	|5|	|2617|	|2
~~1279|	|5|	|2618|	|2
~~1281|	|5|	|2620|	|2
~~1282|	|5|	|2621|	|2
~~1283|	|5|	|2622|	|2
~~1284|	|5|	|2623|	|2
~~1285|	|5|	|2624|	|2
~~1286|	|5|	|2625|	|2
~~1287|	|5|	|2626|	|2
~~1294|	|5|	|2633|	|2
~~1486|	|5|	|2711|	|2
~~1513|	|5|	|2718|	|2
~~1514|	|5|	|2719|	|2
~~1515|	|5|	|2720|	|2
~~1516|	|5|	|2721|	|2
~~1517|	|5|	|2722|	|2
~~1518|	|5|	|2723|	|2
~~1519|	|5|	|2724|	|2
~~1520|	|5|	|2725|	|2
~~1521|	|5|	|2726|	|2
~~1522|	|5|	|2727|	|2
~~1523|	|5|	|2728|	|2
~~1524|	|5|	|2729|	|2
~~1526|	|5|	|2730|	|2
~~1532|	|5|	|2731|	|2
~~1534|	|5|	|2732|	|2
~~1536|	|5|	|2733|	|2
~~1538|	|5|	|2734|	|2
~~1540|	|5|	|2735|	|2
~~1542|	|5|	|2736|	|2
~~1544|	|5|	|2737|	|2
~~1546|	|5|	|2738|	|2
~~1580|	|5|	|2755|	|2
~~1582|	|5|	|2756|	|2
~~1597|	|5|	|2761|	|2
~~1616|	|5|	|2767|	|2
~~1618|	|5|	|2768|	|2
~~1624|	|5|	|2771|	|2
~~1626|	|5|	|2772|	|2
~~1694|	|5|	|2803|	|2
~~1696|	|5|	|2804|	|2
~~1802|	|5|	|2852|	|2
~~273|	|7|	|2254|	|1
~~274|	|7|	|2255|	|1
~~275|	|7|	|2256|	|1
~~276|	|7|	|2257|	|1
~~277|	|7|	|2258|	|1
~~278|	|7|	|2259|	|1
~~279|	|7|	|2260|	|1
~~280|	|7|	|2261|	|1
~~281|	|7|	|2262|	|1
~~282|	|7|	|2263|	|1
~~283|	|7|	|2264|	|1
~~284|	|7|	|2265|	|1
~~285|	|7|	|2266|	|1
~~286|	|7|	|2267|	|1
~~287|	|7|	|2268|	|1
~~288|	|7|	|2269|	|1
~~289|	|7|	|2270|	|1
~~290|	|7|	|2271|	|1
~~291|	|7|	|2272|	|1
~~292|	|7|	|2273|	|1
~~293|	|7|	|2274|	|1
~~294|	|7|	|2275|	|1
~~295|	|7|	|2276|	|1
~~296|	|7|	|2277|	|1
~~297|	|7|	|2278|	|1
~~298|	|7|	|2279|	|1
~~299|	|7|	|2280|	|1
~~300|	|7|	|2281|	|1
~~301|	|7|	|2282|	|1
~~302|	|7|	|2283|	|1
~~303|	|7|	|2284|	|1
~~304|	|7|	|2285|	|1
~~305|	|7|	|2286|	|1
~~306|	|7|	|2287|	|1
~~307|	|7|	|2288|	|1
~~308|	|7|	|2289|	|1
~~309|	|7|	|2290|	|1
~~310|	|7|	|2291|	|1
~~311|	|7|	|2292|	|1
~~312|	|7|	|2293|	|1
~~313|	|7|	|2294|	|1
~~314|	|7|	|2295|	|1
~~315|	|7|	|2296|	|1
~~316|	|7|	|2297|	|1
~~317|	|7|	|2298|	|1
~~318|	|7|	|2299|	|1
~~319|	|7|	|2300|	|1
~~320|	|7|	|2301|	|1
~~321|	|7|	|2302|	|1
~~322|	|7|	|2303|	|1
~~323|	|7|	|2304|	|1
~~324|	|7|	|2305|	|1
~~325|	|7|	|2306|	|1
~~326|	|7|	|2307|	|1
~~327|	|7|	|2308|	|1
~~328|	|7|	|2309|	|1
~~329|	|7|	|2310|	|1
~~330|	|7|	|2311|	|1
~~331|	|7|	|2312|	|1
~~332|	|7|	|2313|	|1
~~333|	|7|	|2314|	|1
~~334|	|7|	|2315|	|1
~~348|	|7|	|2329|	|1
~~349|	|7|	|2330|	|1
~~549|	|7|	|2533|	|1
~~550|	|7|	|2534|	|1
~~551|	|7|	|2535|	|1
~~558|	|7|	|2542|	|1
~~559|	|7|	|2543|	|1
~~560|	|7|	|2544|	|1
~~561|	|7|	|2545|	|1
~~562|	|7|	|2546|	|1
~~563|	|7|	|2547|	|1
~~564|	|7|	|2548|	|1
~~565|	|7|	|2549|	|1
~~566|	|7|	|2550|	|1
~~567|	|7|	|2551|	|1
~~568|	|7|	|2552|	|1
~~569|	|7|	|2553|	|1
~~570|	|7|	|2554|	|1
~~571|	|7|	|2555|	|1
~~572|	|7|	|2556|	|1
~~573|	|7|	|2557|	|1
~~574|	|7|	|2558|	|1
~~615|	|7|	|2599|	|1
~~643|	|7|	|2627|	|1
~~644|	|7|	|2628|	|1
~~645|	|7|	|2629|	|1
~~646|	|7|	|2630|	|1
~~647|	|7|	|2631|	|1
~~648|	|7|	|2632|	|1
~~660|	|7|	|2645|	|1
~~704|	|7|	|2689|	|1
~~705|	|7|	|2690|	|1
~~1498|	|7|	|2717|	|1
~~1629|	|7|	|2774|	|1
~~1673|	|7|	|2795|	|1
~~1675|	|7|	|2796|	|1
~~1678|	|7|	|2797|	|1
~~1701|	|7|	|2807|	|1
~~1703|	|7|	|2808|	|1
~~1705|	|7|	|2809|	|1
~~1707|	|7|	|2810|	|1
~~1709|	|7|	|2811|	|1
~~1771|	|7|	|2842|	|1
~~1776|	|7|	|2843|	|1
~~1777|	|7|	|2844|	|1
~~1780|	|7|	|2845|	|1
~~1783|	|7|	|2846|	|1
~~1786|	|7|	|2847|	|1
~~1789|	|7|	|2848|	|1
~~1792|	|7|	|2849|	|1
~~1795|	|7|	|2850|	|1
~~1798|	|7|	|2851|	|1
~~920|	|7|	|2254|	|2
~~921|	|7|	|2255|	|2
~~922|	|7|	|2256|	|2
~~923|	|7|	|2257|	|2
~~924|	|7|	|2258|	|2
~~925|	|7|	|2259|	|2
~~926|	|7|	|2260|	|2
~~927|	|7|	|2261|	|2
~~928|	|7|	|2262|	|2
~~929|	|7|	|2263|	|2
~~930|	|7|	|2264|	|2
~~931|	|7|	|2265|	|2
~~932|	|7|	|2266|	|2
~~933|	|7|	|2267|	|2
~~934|	|7|	|2268|	|2
~~935|	|7|	|2269|	|2
~~936|	|7|	|2270|	|2
~~937|	|7|	|2271|	|2
~~938|	|7|	|2272|	|2
~~939|	|7|	|2273|	|2
~~940|	|7|	|2274|	|2
~~941|	|7|	|2275|	|2
~~942|	|7|	|2276|	|2
~~943|	|7|	|2277|	|2
~~944|	|7|	|2278|	|2
~~945|	|7|	|2279|	|2
~~946|	|7|	|2280|	|2
~~947|	|7|	|2281|	|2
~~948|	|7|	|2282|	|2
~~949|	|7|	|2283|	|2
~~950|	|7|	|2284|	|2
~~951|	|7|	|2285|	|2
~~952|	|7|	|2286|	|2
~~953|	|7|	|2287|	|2
~~954|	|7|	|2288|	|2
~~955|	|7|	|2289|	|2
~~956|	|7|	|2290|	|2
~~957|	|7|	|2291|	|2
~~958|	|7|	|2292|	|2
~~959|	|7|	|2293|	|2
~~960|	|7|	|2294|	|2
~~961|	|7|	|2295|	|2
~~962|	|7|	|2296|	|2
~~963|	|7|	|2297|	|2
~~964|	|7|	|2298|	|2
~~965|	|7|	|2299|	|2
~~966|	|7|	|2300|	|2
~~967|	|7|	|2301|	|2
~~968|	|7|	|2302|	|2
~~969|	|7|	|2303|	|2
~~970|	|7|	|2304|	|2
~~971|	|7|	|2305|	|2
~~972|	|7|	|2306|	|2
~~973|	|7|	|2307|	|2
~~974|	|7|	|2308|	|2
~~975|	|7|	|2309|	|2
~~976|	|7|	|2310|	|2
~~977|	|7|	|2311|	|2
~~978|	|7|	|2312|	|2
~~979|	|7|	|2313|	|2
~~980|	|7|	|2314|	|2
~~981|	|7|	|2315|	|2
~~995|	|7|	|2329|	|2
~~996|	|7|	|2330|	|2
~~1196|	|7|	|2533|	|2
~~1197|	|7|	|2534|	|2
~~1198|	|7|	|2535|	|2
~~1205|	|7|	|2542|	|2
~~1206|	|7|	|2543|	|2
~~1207|	|7|	|2544|	|2
~~1210|	|7|	|2547|	|2
~~1211|	|7|	|2548|	|2
~~1212|	|7|	|2549|	|2
~~1213|	|7|	|2550|	|2
~~1214|	|7|	|2551|	|2
~~1215|	|7|	|2552|	|2
~~1216|	|7|	|2553|	|2
~~1217|	|7|	|2554|	|2
~~1218|	|7|	|2555|	|2
~~1219|	|7|	|2556|	|2
~~1220|	|7|	|2557|	|2
~~1221|	|7|	|2558|	|2
~~1262|	|7|	|2599|	|2
~~1288|	|7|	|2627|	|2
~~1289|	|7|	|2628|	|2
~~1290|	|7|	|2629|	|2
~~1291|	|7|	|2630|	|2
~~1292|	|7|	|2631|	|2
~~1293|	|7|	|2632|	|2
~~1305|	|7|	|2645|	|2
~~1319|	|7|	|2690|	|2
~~1674|	|7|	|2795|	|2
~~1676|	|7|	|2796|	|2
~~1679|	|7|	|2797|	|2
~~1702|	|7|	|2807|	|2
~~1704|	|7|	|2808|	|2
~~1706|	|7|	|2809|	|2
~~1708|	|7|	|2810|	|2
~~1710|	|7|	|2811|	|2
~~1787|	|7|	|2847|	|2
~~1790|	|7|	|2848|	|2
~~1793|	|7|	|2849|	|2
~~1796|	|7|	|2850|	|2
~~1799|	|7|	|2851|	|2
~~501|	|8|	|2482|	|1
~~502|	|8|	|2483|	|1
~~503|	|8|	|2484|	|1
~~504|	|8|	|2485|	|1
~~505|	|8|	|2486|	|1
~~506|	|8|	|2487|	|1
~~507|	|8|	|2488|	|1
~~508|	|8|	|2489|	|1
~~509|	|8|	|2490|	|1
~~510|	|8|	|2491|	|1
~~511|	|8|	|2492|	|1
~~512|	|8|	|2493|	|1
~~513|	|8|	|2494|	|1
~~514|	|8|	|2495|	|1
~~515|	|8|	|2496|	|1
~~516|	|8|	|2497|	|1
~~517|	|8|	|2498|	|1
~~518|	|8|	|2499|	|1
~~519|	|8|	|2500|	|1
~~520|	|8|	|2501|	|1
~~521|	|8|	|2503|	|1
~~522|	|8|	|2504|	|1
~~523|	|8|	|2505|	|1
~~524|	|8|	|2507|	|1
~~525|	|8|	|2508|	|1
~~526|	|8|	|2509|	|1
~~527|	|8|	|2511|	|1
~~528|	|8|	|2512|	|1
~~529|	|8|	|2513|	|1
~~530|	|8|	|2514|	|1
~~531|	|8|	|2515|	|1
~~532|	|8|	|2516|	|1
~~533|	|8|	|2517|	|1
~~534|	|8|	|2518|	|1
~~539|	|8|	|2523|	|1
~~540|	|8|	|2524|	|1
~~541|	|8|	|2525|	|1
~~553|	|8|	|2537|	|1
~~1549|	|8|	|2740|	|1
~~1594|	|8|	|2760|	|1
~~1681|	|8|	|2798|	|1
~~1697|	|8|	|2805|	|1
~~1699|	|8|	|2806|	|1
~~1148|	|8|	|2482|	|2
~~1149|	|8|	|2483|	|2
~~1150|	|8|	|2484|	|2
~~1151|	|8|	|2485|	|2
~~1152|	|8|	|2486|	|2
~~1153|	|8|	|2487|	|2
~~1154|	|8|	|2488|	|2
~~1155|	|8|	|2489|	|2
~~1156|	|8|	|2490|	|2
~~1157|	|8|	|2491|	|2
~~1158|	|8|	|2492|	|2
~~1159|	|8|	|2493|	|2
~~1160|	|8|	|2494|	|2
~~1161|	|8|	|2495|	|2
~~1162|	|8|	|2496|	|2
~~1163|	|8|	|2497|	|2
~~1164|	|8|	|2498|	|2
~~1165|	|8|	|2499|	|2
~~1166|	|8|	|2500|	|2
~~1167|	|8|	|2501|	|2
~~1168|	|8|	|2503|	|2
~~1169|	|8|	|2504|	|2
~~1170|	|8|	|2505|	|2
~~1171|	|8|	|2507|	|2
~~1172|	|8|	|2508|	|2
~~1173|	|8|	|2509|	|2
~~1174|	|8|	|2511|	|2
~~1175|	|8|	|2512|	|2
~~1176|	|8|	|2513|	|2
~~1177|	|8|	|2514|	|2
~~1178|	|8|	|2515|	|2
~~1179|	|8|	|2516|	|2
~~1180|	|8|	|2517|	|2
~~1181|	|8|	|2518|	|2
~~1186|	|8|	|2523|	|2
~~1187|	|8|	|2524|	|2
~~1188|	|8|	|2525|	|2
~~1200|	|8|	|2537|	|2
~~1550|	|8|	|2740|	|2
~~1595|	|8|	|2760|	|2
~~1682|	|8|	|2798|	|2
~~1698|	|8|	|2805|	|2
~~1700|	|8|	|2806|	|2
~~575|	|9|	|2559|	|1
~~576|	|9|	|2560|	|1
~~577|	|9|	|2561|	|1
~~578|	|9|	|2562|	|1
~~579|	|9|	|2563|	|1
~~580|	|9|	|2564|	|1
~~581|	|9|	|2565|	|1
~~582|	|9|	|2566|	|1
~~583|	|9|	|2567|	|1
~~584|	|9|	|2568|	|1
~~585|	|9|	|2569|	|1
~~586|	|9|	|2570|	|1
~~587|	|9|	|2571|	|1
~~588|	|9|	|2572|	|1
~~589|	|9|	|2573|	|1
~~590|	|9|	|2574|	|1
~~591|	|9|	|2575|	|1
~~592|	|9|	|2576|	|1
~~593|	|9|	|2577|	|1
~~594|	|9|	|2578|	|1
~~595|	|9|	|2579|	|1
~~596|	|9|	|2580|	|1
~~597|	|9|	|2581|	|1
~~598|	|9|	|2582|	|1
~~599|	|9|	|2583|	|1
~~600|	|9|	|2584|	|1
~~601|	|9|	|2585|	|1
~~602|	|9|	|2586|	|1
~~603|	|9|	|2587|	|1
~~604|	|9|	|2588|	|1
~~605|	|9|	|2589|	|1
~~606|	|9|	|2590|	|1
~~607|	|9|	|2591|	|1
~~608|	|9|	|2592|	|1
~~609|	|9|	|2593|	|1
~~610|	|9|	|2594|	|1
~~611|	|9|	|2595|	|1
~~612|	|9|	|2596|	|1
~~613|	|9|	|2597|	|1
~~614|	|9|	|2598|	|1
~~622|	|9|	|2606|	|1
~~623|	|9|	|2607|	|1
~~624|	|9|	|2608|	|1
~~625|	|9|	|2609|	|1
~~626|	|9|	|2610|	|1
~~627|	|9|	|2611|	|1
~~630|	|9|	|2614|	|1
~~635|	|9|	|2619|	|1
~~650|	|9|	|2634|	|1
~~651|	|9|	|2635|	|1
~~1428|	|9|	|2701|	|1
~~1430|	|9|	|2702|	|1
~~1434|	|9|	|2704|	|1
~~1438|	|9|	|2706|	|1
~~1443|	|9|	|2707|	|1
~~1487|	|9|	|2712|	|1
~~1491|	|9|	|2714|	|1
~~1496|	|9|	|2716|	|1
~~1557|	|9|	|2744|	|1
~~1559|	|9|	|2745|	|1
~~1561|	|9|	|2746|	|1
~~1563|	|9|	|2747|	|1
~~1565|	|9|	|2748|	|1
~~1569|	|9|	|2750|	|1
~~1571|	|9|	|2751|	|1
~~1583|	|9|	|2757|	|1
~~1586|	|9|	|2758|	|1
~~1590|	|9|	|2759|	|1
~~1598|	|9|	|2762|	|1
~~1602|	|9|	|2763|	|1
~~1606|	|9|	|2764|	|1
~~1609|	|9|	|2765|	|1
~~1612|	|9|	|2766|	|1
~~1222|	|9|	|2559|	|2
~~1223|	|9|	|2560|	|2
~~1224|	|9|	|2561|	|2
~~1225|	|9|	|2562|	|2
~~1226|	|9|	|2563|	|2
~~1227|	|9|	|2564|	|2
~~1228|	|9|	|2565|	|2
~~1229|	|9|	|2566|	|2
~~1230|	|9|	|2567|	|2
~~1231|	|9|	|2568|	|2
~~1232|	|9|	|2569|	|2
~~1233|	|9|	|2570|	|2
~~1234|	|9|	|2571|	|2
~~1235|	|9|	|2572|	|2
~~1236|	|9|	|2573|	|2
~~1237|	|9|	|2574|	|2
~~1238|	|9|	|2575|	|2
~~1239|	|9|	|2576|	|2
~~1240|	|9|	|2577|	|2
~~1241|	|9|	|2578|	|2
~~1242|	|9|	|2579|	|2
~~1243|	|9|	|2580|	|2
~~1244|	|9|	|2581|	|2
~~1245|	|9|	|2582|	|2
~~1246|	|9|	|2583|	|2
~~1247|	|9|	|2584|	|2
~~1248|	|9|	|2585|	|2
~~1249|	|9|	|2586|	|2
~~1250|	|9|	|2587|	|2
~~1251|	|9|	|2588|	|2
~~1252|	|9|	|2589|	|2
~~1253|	|9|	|2590|	|2
~~1254|	|9|	|2591|	|2
~~1255|	|9|	|2592|	|2
~~1256|	|9|	|2593|	|2
~~1257|	|9|	|2594|	|2
~~1258|	|9|	|2595|	|2
~~1259|	|9|	|2596|	|2
~~1260|	|9|	|2597|	|2
~~1261|	|9|	|2598|	|2
~~1267|	|9|	|2606|	|2
~~1268|	|9|	|2607|	|2
~~1269|	|9|	|2608|	|2
~~1270|	|9|	|2609|	|2
~~1271|	|9|	|2610|	|2
~~1272|	|9|	|2611|	|2
~~1275|	|9|	|2614|	|2
~~1280|	|9|	|2619|	|2
~~1295|	|9|	|2634|	|2
~~1296|	|9|	|2635|	|2
~~1429|	|9|	|2701|	|2
~~1431|	|9|	|2702|	|2
~~1435|	|9|	|2704|	|2
~~1488|	|9|	|2712|	|2
~~1492|	|9|	|2714|	|2
~~1497|	|9|	|2716|	|2
~~1558|	|9|	|2744|	|2
~~1560|	|9|	|2745|	|2
~~1562|	|9|	|2746|	|2
~~1564|	|9|	|2747|	|2
~~1566|	|9|	|2748|	|2
~~1570|	|9|	|2750|	|2
~~1572|	|9|	|2751|	|2
~~1591|	|9|	|2759|	|2
~~1599|	|9|	|2762|	|2
~~1603|	|9|	|2763|	|2
~~1613|	|9|	|2766|	|2
~~652|	|10|	|2636|	|1
~~653|	|10|	|2637|	|1
~~654|	|10|	|2638|	|1
~~655|	|10|	|2639|	|1
~~656|	|10|	|2640|	|1
~~657|	|10|	|2641|	|1
~~658|	|10|	|2642|	|1
~~659|	|10|	|2643|	|1
~~661|	|10|	|2646|	|1
~~662|	|10|	|2647|	|1
~~663|	|10|	|2648|	|1
~~664|	|10|	|2649|	|1
~~665|	|10|	|2650|	|1
~~666|	|10|	|2651|	|1
~~667|	|10|	|2652|	|1
~~668|	|10|	|2653|	|1
~~669|	|10|	|2654|	|1
~~670|	|10|	|2655|	|1
~~671|	|10|	|2656|	|1
~~672|	|10|	|2657|	|1
~~1436|	|10|	|2705|	|1
~~1489|	|10|	|2713|	|1
~~1547|	|10|	|2739|	|1
~~1803|	|10|	|2853|	|1
~~1805|	|10|	|2854|	|1
~~1297|	|10|	|2636|	|2
~~1298|	|10|	|2637|	|2
~~1299|	|10|	|2638|	|2
~~1300|	|10|	|2639|	|2
~~1301|	|10|	|2640|	|2
~~1302|	|10|	|2641|	|2
~~1303|	|10|	|2642|	|2
~~1304|	|10|	|2643|	|2
~~1306|	|10|	|2646|	|2
~~1307|	|10|	|2647|	|2
~~1308|	|10|	|2648|	|2
~~1309|	|10|	|2649|	|2
~~1310|	|10|	|2650|	|2
~~1311|	|10|	|2651|	|2
~~1312|	|10|	|2652|	|2
~~1313|	|10|	|2653|	|2
~~1314|	|10|	|2654|	|2
~~1315|	|10|	|2655|	|2
~~1316|	|10|	|2656|	|2
~~1317|	|10|	|2657|	|2
~~1437|	|10|	|2705|	|2
~~1490|	|10|	|2713|	|2
~~1548|	|10|	|2739|	|2
~~1804|	|10|	|2853|	|2
~~1806|	|10|	|2854|	|2
~~1400|	|11|	|2260|	|1
~~1402|	|11|	|2261|	|1
~~1403|	|11|	|2267|	|1
~~1404|	|11|	|2268|	|1
~~1405|	|11|	|2271|	|1
~~1407|	|11|	|2272|	|1
~~1408|	|11|	|2277|	|1
~~1410|	|11|	|2281|	|1
~~1411|	|11|	|2283|	|1
~~1412|	|11|	|2284|	|1
~~1688|	|11|	|2285|	|1
~~1413|	|11|	|2286|	|1
~~1414|	|11|	|2289|	|1
~~1416|	|11|	|2290|	|1
~~1417|	|11|	|2294|	|1
~~1418|	|11|	|2299|	|1
~~1419|	|11|	|2303|	|1
~~1420|	|11|	|2307|	|1
~~1422|	|11|	|2308|	|1
~~1423|	|11|	|2313|	|1
~~1687|	|11|	|2315|	|1
~~1529|	|11|	|2545|	|1
~~1527|	|11|	|2546|	|1
~~1401|	|11|	|2554|	|1
~~1406|	|11|	|2555|	|1
~~1415|	|11|	|2556|	|1
~~1421|	|11|	|2557|	|1
~~1409|	|11|	|2558|	|1
~~1322|	|11|	|2604|	|1
~~1323|	|11|	|2605|	|1
~~1324|	|11|	|2658|	|1
~~1325|	|11|	|2659|	|1
~~1326|	|11|	|2660|	|1
~~1327|	|11|	|2661|	|1
~~1328|	|11|	|2662|	|1
~~1329|	|11|	|2663|	|1
~~1330|	|11|	|2664|	|1
~~1331|	|11|	|2665|	|1
~~1332|	|11|	|2666|	|1
~~1333|	|11|	|2667|	|1
~~1334|	|11|	|2668|	|1
~~1335|	|11|	|2669|	|1
~~1336|	|11|	|2670|	|1
~~1337|	|11|	|2671|	|1
~~1338|	|11|	|2672|	|1
~~1339|	|11|	|2673|	|1
~~1340|	|11|	|2674|	|1
~~1341|	|11|	|2675|	|1
~~1342|	|11|	|2676|	|1
~~1343|	|11|	|2677|	|1
~~1344|	|11|	|2678|	|1
~~1345|	|11|	|2679|	|1
~~1346|	|11|	|2680|	|1
~~1347|	|11|	|2682|	|1
~~1348|	|11|	|2683|	|1
~~1349|	|11|	|2684|	|1
~~1350|	|11|	|2685|	|1
~~1351|	|11|	|2686|	|1
~~1352|	|11|	|2687|	|1
~~1353|	|11|	|2688|	|1
~~1354|	|11|	|2689|	|1
~~1355|	|11|	|2691|	|1
~~1356|	|11|	|2692|	|1
~~1357|	|11|	|2693|	|1
~~1358|	|11|	|2694|	|1
~~1359|	|11|	|2696|	|1
~~1360|	|11|	|2697|	|1
~~1424|	|11|	|2699|	|1
~~1426|	|11|	|2700|	|1
~~1432|	|11|	|2703|	|1
~~1479|	|11|	|2708|	|1
~~1481|	|11|	|2709|	|1
~~1499|	|11|	|2717|	|1
~~1631|	|11|	|2774|	|1
~~1639|	|11|	|2778|	|1
~~1641|	|11|	|2779|	|1
~~1643|	|11|	|2780|	|1
~~1645|	|11|	|2781|	|1
~~1647|	|11|	|2782|	|1
~~1649|	|11|	|2783|	|1
~~1651|	|11|	|2784|	|1
~~1653|	|11|	|2785|	|1
~~1655|	|11|	|2786|	|1
~~1657|	|11|	|2787|	|1
~~1659|	|11|	|2788|	|1
~~1661|	|11|	|2789|	|1
~~1663|	|11|	|2790|	|1
~~1665|	|11|	|2791|	|1
~~1667|	|11|	|2792|	|1
~~1669|	|11|	|2793|	|1
~~1671|	|11|	|2794|	|1
~~1680|	|11|	|2795|	|1
~~1677|	|11|	|2796|	|1
~~1772|	|11|	|2842|	|1
~~1774|	|11|	|2843|	|1
~~1778|	|11|	|2844|	|1
~~1781|	|11|	|2845|	|1
~~1784|	|11|	|2846|	|1
~~1788|	|11|	|2847|	|1
~~1791|	|11|	|2848|	|1
~~1794|	|11|	|2849|	|1
~~1797|	|11|	|2850|	|1
~~1800|	|11|	|2851|	|1
~~1839|	|11|	|2872|	|1
~~1841|	|11|	|2873|	|1
~~1843|	|11|	|2874|	|1
~~1845|	|11|	|2875|	|1
~~1847|	|11|	|2876|	|1
~~1849|	|11|	|2877|	|1
~~1530|	|11|	|2545|	|2
~~1528|	|11|	|2546|	|2
~~1361|	|11|	|2604|	|2
~~1362|	|11|	|2605|	|2
~~1363|	|11|	|2658|	|2
~~1364|	|11|	|2659|	|2
~~1365|	|11|	|2660|	|2
~~1366|	|11|	|2661|	|2
~~1367|	|11|	|2662|	|2
~~1368|	|11|	|2663|	|2
~~1369|	|11|	|2664|	|2
~~1370|	|11|	|2665|	|2
~~1371|	|11|	|2666|	|2
~~1372|	|11|	|2667|	|2
~~1373|	|11|	|2668|	|2
~~1374|	|11|	|2669|	|2
~~1375|	|11|	|2670|	|2
~~1376|	|11|	|2671|	|2
~~1377|	|11|	|2672|	|2
~~1378|	|11|	|2673|	|2
~~1379|	|11|	|2674|	|2
~~1380|	|11|	|2675|	|2
~~1381|	|11|	|2676|	|2
~~1382|	|11|	|2677|	|2
~~1383|	|11|	|2678|	|2
~~1384|	|11|	|2679|	|2
~~1385|	|11|	|2680|	|2
~~1386|	|11|	|2682|	|2
~~1387|	|11|	|2683|	|2
~~1388|	|11|	|2684|	|2
~~1389|	|11|	|2685|	|2
~~1390|	|11|	|2686|	|2
~~1391|	|11|	|2687|	|2
~~1392|	|11|	|2688|	|2
~~1393|	|11|	|2689|	|2
~~1394|	|11|	|2691|	|2
~~1395|	|11|	|2692|	|2
~~1396|	|11|	|2693|	|2
~~1397|	|11|	|2694|	|2
~~1398|	|11|	|2696|	|2
~~1399|	|11|	|2697|	|2
~~1425|	|11|	|2699|	|2
~~1427|	|11|	|2700|	|2
~~1433|	|11|	|2703|	|2
~~1480|	|11|	|2708|	|2
~~1482|	|11|	|2709|	|2
~~1500|	|11|	|2717|	|2
~~1632|	|11|	|2774|	|2
~~1640|	|11|	|2778|	|2
~~1642|	|11|	|2779|	|2
~~1644|	|11|	|2780|	|2
~~1646|	|11|	|2781|	|2
~~1648|	|11|	|2782|	|2
~~1650|	|11|	|2783|	|2
~~1652|	|11|	|2784|	|2
~~1654|	|11|	|2785|	|2
~~1656|	|11|	|2786|	|2
~~1658|	|11|	|2787|	|2
~~1660|	|11|	|2788|	|2
~~1662|	|11|	|2789|	|2
~~1664|	|11|	|2790|	|2
~~1666|	|11|	|2791|	|2
~~1668|	|11|	|2792|	|2
~~1670|	|11|	|2793|	|2
~~1672|	|11|	|2794|	|2
~~1773|	|11|	|2842|	|2
~~1775|	|11|	|2843|	|2
~~1779|	|11|	|2844|	|2
~~1782|	|11|	|2845|	|2
~~1785|	|11|	|2846|	|2
~~1840|	|11|	|2872|	|2
~~1842|	|11|	|2873|	|2
~~1844|	|11|	|2874|	|2
~~1846|	|11|	|2875|	|2
~~1848|	|11|	|2876|	|2
~~1850|	|11|	|2877|	|2
~~1441|	|12|	|2559|	|1
~~1446|	|12|	|2560|	|1
~~1447|	|12|	|2561|	|1
~~1448|	|12|	|2562|	|1
~~1449|	|12|	|2563|	|1
~~1450|	|12|	|2566|	|1
~~1451|	|12|	|2567|	|1
~~1452|	|12|	|2568|	|1
~~1453|	|12|	|2569|	|1
~~1455|	|12|	|2571|	|1
~~1456|	|12|	|2572|	|1
~~1457|	|12|	|2573|	|1
~~1458|	|12|	|2574|	|1
~~1459|	|12|	|2575|	|1
~~1460|	|12|	|2576|	|1
~~1462|	|12|	|2577|	|1
~~1464|	|12|	|2578|	|1
~~1466|	|12|	|2579|	|1
~~1468|	|12|	|2580|	|1
~~1469|	|12|	|2581|	|1
~~1470|	|12|	|2582|	|1
~~1471|	|12|	|2583|	|1
~~1472|	|12|	|2584|	|1
~~1473|	|12|	|2585|	|1
~~1474|	|12|	|2586|	|1
~~1475|	|12|	|2587|	|1
~~1476|	|12|	|2589|	|1
~~1463|	|12|	|2593|	|1
~~1465|	|12|	|2595|	|1
~~1467|	|12|	|2597|	|1
~~1477|	|12|	|2609|	|1
~~1461|	|12|	|2634|	|1
~~1439|	|12|	|2706|	|1
~~1444|	|12|	|2707|	|1
~~1493|	|12|	|2714|	|1
~~1584|	|12|	|2757|	|1
~~1588|	|12|	|2758|	|1
~~1592|	|12|	|2759|	|1
~~1600|	|12|	|2762|	|1
~~1604|	|12|	|2763|	|1
~~1607|	|12|	|2764|	|1
~~1610|	|12|	|2765|	|1
~~1614|	|12|	|2766|	|1
~~1442|	|12|	|2559|	|2
~~1440|	|12|	|2706|	|2
~~1445|	|12|	|2707|	|2
~~1585|	|12|	|2757|	|2
~~1589|	|12|	|2758|	|2
~~1593|	|12|	|2759|	|2
~~1601|	|12|	|2762|	|2
~~1605|	|12|	|2763|	|2
~~1608|	|12|	|2764|	|2
~~1611|	|12|	|2765|	|2
~~1711|	|13|	|2812|	|1
~~1712|	|13|	|2813|	|1
~~1713|	|13|	|2814|	|1
~~1714|	|13|	|2815|	|1
~~1715|	|13|	|2816|	|1
~~1716|	|13|	|2817|	|1
~~1717|	|13|	|2818|	|1
~~1718|	|13|	|2819|	|1
~~1719|	|13|	|2820|	|1
~~1720|	|13|	|2821|	|1
~~1721|	|13|	|2822|	|1
~~1722|	|13|	|2823|	|1
~~1723|	|13|	|2824|	|1
~~1724|	|13|	|2825|	|1
~~1725|	|13|	|2826|	|1
~~1726|	|13|	|2827|	|1
~~1727|	|13|	|2828|	|1
~~1728|	|13|	|2829|	|1
~~1729|	|13|	|2830|	|1
~~1730|	|13|	|2831|	|1
~~1731|	|13|	|2832|	|1
~~1733|	|13|	|2834|	|1
~~1734|	|13|	|2835|	|1
~~1761|	|13|	|2837|	|1
~~1736|	|13|	|2812|	|2
~~1737|	|13|	|2813|	|2
~~1738|	|13|	|2814|	|2
~~1739|	|13|	|2815|	|2
~~1740|	|13|	|2816|	|2
~~1741|	|13|	|2817|	|2
~~1742|	|13|	|2818|	|2
~~1743|	|13|	|2819|	|2
~~1744|	|13|	|2820|	|2
~~1745|	|13|	|2821|	|2
~~1746|	|13|	|2822|	|2
~~1747|	|13|	|2823|	|2
~~1748|	|13|	|2824|	|2
~~1749|	|13|	|2825|	|2
~~1750|	|13|	|2826|	|2
~~1751|	|13|	|2827|	|2
~~1752|	|13|	|2828|	|2
~~1753|	|13|	|2829|	|2
~~1754|	|13|	|2830|	|2
~~1755|	|13|	|2831|	|2
~~1756|	|13|	|2832|	|2
~~1758|	|13|	|2834|	|2
~~1759|	|13|	|2835|	|2
~~1762|	|13|	|2837|	|2
~~1807|	|14|	|2855|	|1
~~1814|	|14|	|2856|	|1
~~1808|	|14|	|2857|	|1
~~1810|	|14|	|2858|	|1
~~1809|	|14|	|2859|	|1
~~1815|	|14|	|2860|	|1
~~1816|	|14|	|2861|	|1
~~1812|	|14|	|2862|	|1
~~1822|	|14|	|2863|	|1
~~1817|	|14|	|2864|	|1
~~1818|	|14|	|2865|	|1
~~1820|	|14|	|2866|	|1
~~1819|	|14|	|2867|	|1
~~1811|	|14|	|2868|	|1
~~1813|	|14|	|2869|	|1
~~1821|	|14|	|2870|	|1
~~1823|	|14|	|2855|	|2
~~1830|	|14|	|2856|	|2
~~1824|	|14|	|2857|	|2
~~1826|	|14|	|2858|	|2
~~1825|	|14|	|2859|	|2
~~1831|	|14|	|2860|	|2
~~1832|	|14|	|2861|	|2
~~1828|	|14|	|2862|	|2
~~1838|	|14|	|2863|	|2
~~1833|	|14|	|2864|	|2
~~1834|	|14|	|2865|	|2
~~1836|	|14|	|2866|	|2
~~1835|	|14|	|2867|	|2
~~1827|	|14|	|2868|	|2
~~1829|	|14|	|2869|	|2
~~1837|	|14|	|2870|	|2
~~